id	Jan	Feb	Mar	Apr	May	Jun	Jul	Aug	Sep	Oct	Nov	Dec
0	413	424	429	426	417	410	413	422	429	427	418	410
0.1	412.63	423.77	428.93	426.11	417.23	410.3	413.27	422.17	429.02	426.84	417.67	409.6
0.2	412.26	423.54	428.86	426.22	417.46	410.6	413.54	422.34	429.04	426.68	417.34	409.2
0.3	411.89	423.31	428.79	426.33	417.69	410.9	413.81	422.51	429.06	426.52	417.01	408.8
0.4	411.52	423.08	428.72	426.44	417.92	411.2	414.08	422.68	429.08	426.36	416.68	408.4
0.5	411.15	422.85	428.65	426.55	418.15	411.5	414.35	422.85	429.1	426.2	416.35	408
0.6	410.78	422.62	428.58	426.66	418.38	411.8	414.62	423.02	429.12	426.04	416.02	407.6
0.7	410.41	422.39	428.51	426.77	418.61	412.1	414.89	423.19	429.14	425.88	415.69	407.2
0.8	410.04	422.16	428.44	426.88	418.84	412.4	415.16	423.36	429.16	425.72	415.36	406.8
0.9	409.67	421.93	428.37	426.99	419.07	412.7	415.43	423.53	429.18	425.56	415.03	406.4
1	409.3	421.7	428.3	427.1	419.3	413	415.7	423.7	429.2	425.4	414.7	406
1.1	408.93	421.47	428.23	427.21	419.53	413.3	415.97	423.87	429.22	425.24	414.37	405.6
1.2	408.56	421.24	428.16	427.32	419.76	413.6	416.24	424.04	429.24	425.08	414.04	405.2
1.3	408.19	421.01	428.09	427.43	419.99	413.9	416.51	424.21	429.26	424.92	413.71	404.8
1.4	407.82	420.78	428.02	427.54	420.22	414.2	416.78	424.38	429.28	424.76	413.38	404.4
1.5	407.45	420.55	427.95	427.65	420.45	414.5	417.05	424.55	429.3	424.6	413.05	404
1.6	407.08	420.32	427.88	427.76	420.68	414.8	417.32	424.72	429.32	424.44	412.72	403.6
1.7	406.71	420.09	427.81	427.87	420.91	415.1	417.59	424.89	429.34	424.28	412.39	403.2
1.8	406.34	419.86	427.74	427.98	421.14	415.4	417.86	425.06	429.36	424.12	412.06	402.8
1.9	405.97	419.63	427.67	428.09	421.37	415.7	418.13	425.23	429.38	423.96	411.73	402.4
2	405.6	419.4	427.6	428.2	421.6	416	418.4	425.4	429.4	423.8	411.4	402
2.1	405.23	419.17	427.53	428.31	421.83	416.3	418.67	425.57	429.42	423.64	411.07	401.6
2.2	404.86	418.94	427.46	428.42	422.06	416.6	418.94	425.74	429.44	423.48	410.74	401.2
2.3	404.49	418.71	427.39	428.53	422.29	416.9	419.21	425.91	429.46	423.32	410.41	400.8
2.4	404.12	418.48	427.32	428.64	422.52	417.2	419.48	426.08	429.48	423.16	410.08	400.4
2.5	403.75	418.25	427.25	428.75	422.75	417.5	419.75	426.25	429.5	423	409.75	400
2.6	403.38	418.02	427.18	428.86	422.98	417.8	420.02	426.42	429.52	422.84	409.42	399.6
2.7	403.01	417.79	427.11	428.97	423.21	418.1	420.29	426.59	429.54	422.68	409.09	399.2
2.8	402.64	417.56	427.04	429.08	423.44	418.4	420.56	426.76	429.56	422.52	408.76	398.8
2.9	402.27	417.33	426.97	429.19	423.67	418.7	420.83	426.93	429.58	422.36	408.43	398.4
3	401.9	417.1	426.9	429.3	423.9	419	421.1	427.1	429.6	422.2	408.1	398
3.1	401.53	416.87	426.83	429.41	424.13	419.3	421.37	427.27	429.62	422.04	407.77	397.6
3.2	401.16	416.64	426.76	429.52	424.36	419.6	421.64	427.44	429.64	421.88	407.44	397.2
3.3	400.79	416.41	426.69	429.63	424.59	419.9	421.91	427.61	429.66	421.72	407.11	396.8
3.4	400.42	416.18	426.62	429.74	424.82	420.2	422.18	427.78	429.68	421.56	406.78	396.4
3.5	400.05	415.95	426.55	429.85	425.05	420.5	422.45	427.95	429.7	421.4	406.45	396
3.6	399.68	415.72	426.48	429.96	425.28	420.8	422.72	428.12	429.72	421.24	406.12	395.6
3.7	399.31	415.49	426.41	430.07	425.51	421.1	422.99	428.29	429.74	421.08	405.79	395.2
3.8	398.94	415.26	426.34	430.18	425.74	421.4	423.26	428.46	429.76	420.92	405.46	394.8
3.9	398.57	415.03	426.27	430.29	425.97	421.7	423.53	428.63	429.78	420.76	405.13	394.4
4	398.2	414.8	426.2	430.4	426.2	422	423.8	428.8	429.8	420.6	404.8	394
4.1	397.83	414.57	426.13	430.51	426.43	422.3	424.07	428.97	429.82	420.44	404.47	393.6
4.2	397.46	414.34	426.06	430.62	426.66	422.6	424.34	429.14	429.84	420.28	404.14	393.2
4.3	397.09	414.11	425.99	430.73	426.89	422.9	424.61	429.31	429.86	420.12	403.81	392.8
4.4	396.72	413.88	425.92	430.84	427.12	423.2	424.88	429.48	429.88	419.96	403.48	392.4
4.5	396.35	413.65	425.85	430.95	427.35	423.5	425.15	429.65	429.9	419.8	403.15	392
4.6	395.98	413.42	425.78	431.06	427.58	423.8	425.42	429.82	429.92	419.64	402.82	391.6
4.7	395.61	413.19	425.71	431.17	427.81	424.1	425.69	429.99	429.94	419.48	402.49	391.2
4.8	395.24	412.96	425.64	431.28	428.04	424.4	425.96	430.16	429.96	419.32	402.16	390.8
4.9	394.87	412.73	425.57	431.39	428.27	424.7	426.23	430.33	429.98	419.16	401.83	390.4
5	394.5	412.5	425.5	431.5	428.5	425	426.5	430.5	430	419	401.5	390
5.1	394.13	412.27	425.43	431.61	428.73	425.3	426.77	430.67	430.02	418.84	401.17	389.6
5.2	393.76	412.04	425.36	431.72	428.96	425.6	427.04	430.84	430.04	418.68	400.84	389.2
5.3	393.39	411.81	425.29	431.83	429.19	425.9	427.31	431.01	430.06	418.52	400.51	388.8
5.4	393.02	411.58	425.22	431.94	429.42	426.2	427.58	431.18	430.08	418.36	400.18	388.4
5.5	392.65	411.35	425.15	432.05	429.65	426.5	427.85	431.35	430.1	418.2	399.85	388
5.6	392.28	411.12	425.08	432.16	429.88	426.8	428.12	431.52	430.12	418.04	399.52	387.6
5.7	391.91	410.89	425.01	432.27	430.11	427.1	428.39	431.69	430.14	417.88	399.19	387.2
5.8	391.54	410.66	424.94	432.38	430.34	427.4	428.66	431.86	430.16	417.72	398.86	386.8
5.9	391.17	410.43	424.87	432.49	430.57	427.7	428.93	432.03	430.18	417.56	398.53	386.4
6	390.8	410.2	424.8	432.6	430.8	428	429.2	432.2	430.2	417.4	398.2	386
6.1	390.43	409.97	424.73	432.71	431.03	428.3	429.47	432.37	430.22	417.24	397.87	385.6
6.2	390.06	409.74	424.66	432.82	431.26	428.6	429.74	432.54	430.24	417.08	397.54	385.2
6.3	389.69	409.51	424.59	432.93	431.49	428.9	430.01	432.71	430.26	416.92	397.21	384.8
6.4	389.32	409.28	424.52	433.04	431.72	429.2	430.28	432.88	430.28	416.76	396.88	384.4
6.5	388.95	409.05	424.45	433.15	431.95	429.5	430.55	433.05	430.3	416.6	396.55	384
6.6	388.58	408.82	424.38	433.26	432.18	429.8	430.82	433.22	430.32	416.44	396.22	383.6
6.7	388.21	408.59	424.31	433.37	432.41	430.1	431.09	433.39	430.34	416.28	395.89	383.2
6.8	387.84	408.36	424.24	433.48	432.64	430.4	431.36	433.56	430.36	416.12	395.56	382.8
6.9	387.47	408.13	424.17	433.59	432.87	430.7	431.63	433.73	430.38	415.96	395.23	382.4
7	387.1	407.9	424.1	433.7	433.1	431	431.9	433.9	430.4	415.8	394.9	382
7.1	386.73	407.67	424.03	433.81	433.33	431.3	432.17	434.07	430.42	415.64	394.57	381.6
7.2	386.36	407.44	423.96	433.92	433.56	431.6	432.44	434.24	430.44	415.48	394.24	381.2
7.3	385.99	407.21	423.89	434.03	433.79	431.9	432.71	434.41	430.46	415.32	393.91	380.8
7.4	385.62	406.98	423.82	434.14	434.02	432.2	432.98	434.58	430.48	415.16	393.58	380.4
7.5	385.25	406.75	423.75	434.25	434.25	432.5	433.25	434.75	430.5	415	393.25	380
7.6	384.88	406.52	423.68	434.36	434.48	432.8	433.52	434.92	430.52	414.84	392.92	379.6
7.7	384.51	406.29	423.61	434.47	434.71	433.1	433.79	435.09	430.54	414.68	392.59	379.2
7.8	384.14	406.06	423.54	434.58	434.94	433.4	434.06	435.26	430.56	414.52	392.26	378.8
7.9	383.77	405.83	423.47	434.69	435.17	433.7	434.33	435.43	430.58	414.36	391.93	378.4
8	383.4	405.6	423.4	434.8	435.4	434	434.6	435.6	430.6	414.2	391.6	378
8.1	383.03	405.37	423.33	434.91	435.63	434.3	434.87	435.77	430.62	414.04	391.27	377.6
8.2	382.66	405.14	423.26	435.02	435.86	434.6	435.14	435.94	430.64	413.88	390.94	377.2
8.3	382.29	404.91	423.19	435.13	436.09	434.9	435.41	436.11	430.66	413.72	390.61	376.8
8.4	381.92	404.68	423.12	435.24	436.32	435.2	435.68	436.28	430.68	413.56	390.28	376.4
8.5	381.55	404.45	423.05	435.35	436.55	435.5	435.95	436.45	430.7	413.4	389.95	376
8.6	381.18	404.22	422.98	435.46	436.78	435.8	436.22	436.62	430.72	413.24	389.62	375.6
8.7	380.81	403.99	422.91	435.57	437.01	436.1	436.49	436.79	430.74	413.08	389.29	375.2
8.8	380.44	403.76	422.84	435.68	437.24	436.4	436.76	436.96	430.76	412.92	388.96	374.8
8.9	380.07	403.53	422.77	435.79	437.47	436.7	437.03	437.13	430.78	412.76	388.63	374.4
9	379.7	403.3	422.7	435.9	437.7	437	437.3	437.3	430.8	412.6	388.3	374
9.1	379.33	403.07	422.63	436.01	437.93	437.3	437.57	437.47	430.82	412.44	387.97	373.6
9.2	378.96	402.84	422.56	436.12	438.16	437.6	437.84	437.64	430.84	412.28	387.64	373.2
9.3	378.59	402.61	422.49	436.23	438.39	437.9	438.11	437.81	430.86	412.12	387.31	372.8
9.4	378.22	402.38	422.42	436.34	438.62	438.2	438.38	437.98	430.88	411.96	386.98	372.4
9.5	377.85	402.15	422.35	436.45	438.85	438.5	438.65	438.15	430.9	411.8	386.65	372
9.6	377.48	401.92	422.28	436.56	439.08	438.8	438.92	438.32	430.92	411.64	386.32	371.6
9.7	377.11	401.69	422.21	436.67	439.31	439.1	439.19	438.49	430.94	411.48	385.99	371.2
9.8	376.74	401.46	422.14	436.78	439.54	439.4	439.46	438.66	430.96	411.32	385.66	370.8
9.9	376.37	401.23	422.07	436.89	439.77	439.7	439.73	438.83	430.98	411.16	385.33	370.4
10	376	401	422	437	440	440	440	439	431	411	385	370
10.1	375.58	400.7	421.85	437.02	440.2	440.28	440.25	439.12	430.94	410.76	384.63	369.55
10.2	375.16	400.4	421.7	437.04	440.4	440.56	440.5	439.24	430.88	410.52	384.26	369.1
10.3	374.74	400.1	421.55	437.06	440.6	440.84	440.75	439.36	430.82	410.28	383.89	368.65
10.4	374.32	399.8	421.4	437.08	440.8	441.12	441	439.48	430.76	410.04	383.52	368.2
10.5	373.9	399.5	421.25	437.1	441	441.4	441.25	439.6	430.7	409.8	383.15	367.75
10.6	373.48	399.2	421.1	437.12	441.2	441.68	441.5	439.72	430.64	409.56	382.78	367.3
10.7	373.06	398.9	420.95	437.14	441.4	441.96	441.75	439.84	430.58	409.32	382.41	366.85
10.8	372.64	398.6	420.8	437.16	441.6	442.24	442	439.96	430.52	409.08	382.04	366.4
10.9	372.22	398.3	420.65	437.18	441.8	442.52	442.25	440.08	430.46	408.84	381.67	365.95
11	371.8	398	420.5	437.2	442	442.8	442.5	440.2	430.4	408.6	381.3	365.5
11.1	371.38	397.7	420.35	437.22	442.2	443.08	442.75	440.32	430.34	408.36	380.93	365.05
11.2	370.96	397.4	420.2	437.24	442.4	443.36	443	440.44	430.28	408.12	380.56	364.6
11.3	370.54	397.1	420.05	437.26	442.6	443.64	443.25	440.56	430.22	407.88	380.19	364.15
11.4	370.12	396.8	419.9	437.28	442.8	443.92	443.5	440.68	430.16	407.64	379.82	363.7
11.5	369.7	396.5	419.75	437.3	443	444.2	443.75	440.8	430.1	407.4	379.45	363.25
11.6	369.28	396.2	419.6	437.32	443.2	444.48	444	440.92	430.04	407.16	379.08	362.8
11.7	368.86	395.9	419.45	437.34	443.4	444.76	444.25	441.04	429.98	406.92	378.71	362.35
11.8	368.44	395.6	419.3	437.36	443.6	445.04	444.5	441.16	429.92	406.68	378.34	361.9
11.9	368.02	395.3	419.15	437.38	443.8	445.32	444.75	441.28	429.86	406.44	377.97	361.45
12	367.6	395	419	437.4	444	445.6	445	441.4	429.8	406.2	377.6	361
12.1	367.18	394.7	418.85	437.42	444.2	445.88	445.25	441.52	429.74	405.96	377.23	360.55
12.2	366.76	394.4	418.7	437.44	444.4	446.16	445.5	441.64	429.68	405.72	376.86	360.1
12.3	366.34	394.1	418.55	437.46	444.6	446.44	445.75	441.76	429.62	405.48	376.49	359.65
12.4	365.92	393.8	418.4	437.48	444.8	446.72	446	441.88	429.56	405.24	376.12	359.2
12.5	365.5	393.5	418.25	437.5	445	447	446.25	442	429.5	405	375.75	358.75
12.6	365.08	393.2	418.1	437.52	445.2	447.28	446.5	442.12	429.44	404.76	375.38	358.3
12.7	364.66	392.9	417.95	437.54	445.4	447.56	446.75	442.24	429.38	404.52	375.01	357.85
12.8	364.24	392.6	417.8	437.56	445.6	447.84	447	442.36	429.32	404.28	374.64	357.4
12.9	363.82	392.3	417.65	437.58	445.8	448.12	447.25	442.48	429.26	404.04	374.27	356.95
13	363.4	392	417.5	437.6	446	448.4	447.5	442.6	429.2	403.8	373.9	356.5
13.1	362.98	391.7	417.35	437.62	446.2	448.68	447.75	442.72	429.14	403.56	373.53	356.05
13.2	362.56	391.4	417.2	437.64	446.4	448.96	448	442.84	429.08	403.32	373.16	355.6
13.3	362.14	391.1	417.05	437.66	446.6	449.24	448.25	442.96	429.02	403.08	372.79	355.15
13.4	361.72	390.8	416.9	437.68	446.8	449.52	448.5	443.08	428.96	402.84	372.42	354.7
13.5	361.3	390.5	416.75	437.7	447	449.8	448.75	443.2	428.9	402.6	372.05	354.25
13.6	360.88	390.2	416.6	437.72	447.2	450.08	449	443.32	428.84	402.36	371.68	353.8
13.7	360.46	389.9	416.45	437.74	447.4	450.36	449.25	443.44	428.78	402.12	371.31	353.35
13.8	360.04	389.6	416.3	437.76	447.6	450.64	449.5	443.56	428.72	401.88	370.94	352.9
13.9	359.62	389.3	416.15	437.78	447.8	450.92	449.75	443.68	428.66	401.64	370.57	352.45
14	359.2	389	416	437.8	448	451.2	450	443.8	428.6	401.4	370.2	352
14.1	358.78	388.7	415.85	437.82	448.2	451.48	450.25	443.92	428.54	401.16	369.83	351.55
14.2	358.36	388.4	415.7	437.84	448.4	451.76	450.5	444.04	428.48	400.92	369.46	351.1
14.3	357.94	388.1	415.55	437.86	448.6	452.04	450.75	444.16	428.42	400.68	369.09	350.65
14.4	357.52	387.8	415.4	437.88	448.8	452.32	451	444.28	428.36	400.44	368.72	350.2
14.5	357.1	387.5	415.25	437.9	449	452.6	451.25	444.4	428.3	400.2	368.35	349.75
14.6	356.68	387.2	415.1	437.92	449.2	452.88	451.5	444.52	428.24	399.96	367.98	349.3
14.7	356.26	386.9	414.95	437.94	449.4	453.16	451.75	444.64	428.18	399.72	367.61	348.85
14.8	355.84	386.6	414.8	437.96	449.6	453.44	452	444.76	428.12	399.48	367.24	348.4
14.9	355.42	386.3	414.65	437.98	449.8	453.72	452.25	444.88	428.06	399.24	366.87	347.95
15	355	386	414.5	438	450	454	452.5	445	428	399	366.5	347.5
15.1	354.58	385.7	414.35	438.02	450.2	454.28	452.75	445.12	427.94	398.76	366.13	347.05
15.2	354.16	385.4	414.2	438.04	450.4	454.56	453	445.24	427.88	398.52	365.76	346.6
15.3	353.74	385.1	414.05	438.06	450.6	454.84	453.25	445.36	427.82	398.28	365.39	346.15
15.4	353.32	384.8	413.9	438.08	450.8	455.12	453.5	445.48	427.76	398.04	365.02	345.7
15.5	352.9	384.5	413.75	438.1	451	455.4	453.75	445.6	427.7	397.8	364.65	345.25
15.6	352.48	384.2	413.6	438.12	451.2	455.68	454	445.72	427.64	397.56	364.28	344.8
15.7	352.06	383.9	413.45	438.14	451.4	455.96	454.25	445.84	427.58	397.32	363.91	344.35
15.8	351.64	383.6	413.3	438.16	451.6	456.24	454.5	445.96	427.52	397.08	363.54	343.9
15.9	351.22	383.3	413.15	438.18	451.8	456.52	454.75	446.08	427.46	396.84	363.17	343.45
16	350.8	383	413	438.2	452	456.8	455	446.2	427.4	396.6	362.8	343
16.1	350.38	382.7	412.85	438.22	452.2	457.08	455.25	446.32	427.34	396.36	362.43	342.55
16.2	349.96	382.4	412.7	438.24	452.4	457.36	455.5	446.44	427.28	396.12	362.06	342.1
16.3	349.54	382.1	412.55	438.26	452.6	457.64	455.75	446.56	427.22	395.88	361.69	341.65
16.4	349.12	381.8	412.4	438.28	452.8	457.92	456	446.68	427.16	395.64	361.32	341.2
16.5	348.7	381.5	412.25	438.3	453	458.2	456.25	446.8	427.1	395.4	360.95	340.75
16.6	348.28	381.2	412.1	438.32	453.2	458.48	456.5	446.92	427.04	395.16	360.58	340.3
16.7	347.86	380.9	411.95	438.34	453.4	458.76	456.75	447.04	426.98	394.92	360.21	339.85
16.8	347.44	380.6	411.8	438.36	453.6	459.04	457	447.16	426.92	394.68	359.84	339.4
16.9	347.02	380.3	411.65	438.38	453.8	459.32	457.25	447.28	426.86	394.44	359.47	338.95
17	346.6	380	411.5	438.4	454	459.6	457.5	447.4	426.8	394.2	359.1	338.5
17.1	346.18	379.7	411.35	438.42	454.2	459.88	457.75	447.52	426.74	393.96	358.73	338.05
17.2	345.76	379.4	411.2	438.44	454.4	460.16	458	447.64	426.68	393.72	358.36	337.6
17.3	345.34	379.1	411.05	438.46	454.6	460.44	458.25	447.76	426.62	393.48	357.99	337.15
17.4	344.92	378.8	410.9	438.48	454.8	460.72	458.5	447.88	426.56	393.24	357.62	336.7
17.5	344.5	378.5	410.75	438.5	455	461	458.75	448	426.5	393	357.25	336.25
17.6	344.08	378.2	410.6	438.52	455.2	461.28	459	448.12	426.44	392.76	356.88	335.8
17.7	343.66	377.9	410.45	438.54	455.4	461.56	459.25	448.24	426.38	392.52	356.51	335.35
17.8	343.24	377.6	410.3	438.56	455.6	461.84	459.5	448.36	426.32	392.28	356.14	334.9
17.9	342.82	377.3	410.15	438.58	455.8	462.12	459.75	448.48	426.26	392.04	355.77	334.45
18	342.4	377	410	438.6	456	462.4	460	448.6	426.2	391.8	355.4	334
18.1	341.98	376.7	409.85	438.62	456.2	462.68	460.25	448.72	426.14	391.56	355.03	333.55
18.2	341.56	376.4	409.7	438.64	456.4	462.96	460.5	448.84	426.08	391.32	354.66	333.1
18.3	341.14	376.1	409.55	438.66	456.6	463.24	460.75	448.96	426.02	391.08	354.29	332.65
18.4	340.72	375.8	409.4	438.68	456.8	463.52	461	449.08	425.96	390.84	353.92	332.2
18.5	340.3	375.5	409.25	438.7	457	463.8	461.25	449.2	425.9	390.6	353.55	331.75
18.6	339.88	375.2	409.1	438.72	457.2	464.08	461.5	449.32	425.84	390.36	353.18	331.3
18.7	339.46	374.9	408.95	438.74	457.4	464.36	461.75	449.44	425.78	390.12	352.81	330.85
18.8	339.04	374.6	408.8	438.76	457.6	464.64	462	449.56	425.72	389.88	352.44	330.4
18.9	338.62	374.3	408.65	438.78	457.8	464.92	462.25	449.68	425.66	389.64	352.07	329.95
19	338.2	374	408.5	438.8	458	465.2	462.5	449.8	425.6	389.4	351.7	329.5
19.1	337.78	373.7	408.35	438.82	458.2	465.48	462.75	449.92	425.54	389.16	351.33	329.05
19.2	337.36	373.4	408.2	438.84	458.4	465.76	463	450.04	425.48	388.92	350.96	328.6
19.3	336.94	373.1	408.05	438.86	458.6	466.04	463.25	450.16	425.42	388.68	350.59	328.15
19.4	336.52	372.8	407.9	438.88	458.8	466.32	463.5	450.28	425.36	388.44	350.22	327.7
19.5	336.1	372.5	407.75	438.9	459	466.6	463.75	450.4	425.3	388.2	349.85	327.25
19.6	335.68	372.2	407.6	438.92	459.2	466.88	464	450.52	425.24	387.96	349.48	326.8
19.7	335.26	371.9	407.45	438.94	459.4	467.16	464.25	450.64	425.18	387.72	349.11	326.35
19.8	334.84	371.6	407.3	438.96	459.6	467.44	464.5	450.76	425.12	387.48	348.74	325.9
19.9	334.42	371.3	407.15	438.98	459.8	467.72	464.75	450.88	425.06	387.24	348.37	325.45
20	334	371	407	439	460	468	465	451	425	387	348	325
20.1	333.47	370.62	406.78	438.98	460.11	468.21	465.18	451.05	424.87	386.69	347.51	324.44
20.2	332.94	370.24	406.56	438.96	460.22	468.42	465.36	451.1	424.74	386.38	347.02	323.88
20.3	332.41	369.86	406.34	438.94	460.33	468.63	465.54	451.15	424.61	386.07	346.53	323.32
20.4	331.88	369.48	406.12	438.92	460.44	468.84	465.72	451.2	424.48	385.76	346.04	322.76
20.5	331.35	369.1	405.9	438.9	460.55	469.05	465.9	451.25	424.35	385.45	345.55	322.2
20.6	330.82	368.72	405.68	438.88	460.66	469.26	466.08	451.3	424.22	385.14	345.06	321.64
20.7	330.29	368.34	405.46	438.86	460.77	469.47	466.26	451.35	424.09	384.83	344.57	321.08
20.8	329.76	367.96	405.24	438.84	460.88	469.68	466.44	451.4	423.96	384.52	344.08	320.52
20.9	329.23	367.58	405.02	438.82	460.99	469.89	466.62	451.45	423.83	384.21	343.59	319.96
21	328.7	367.2	404.8	438.8	461.1	470.1	466.8	451.5	423.7	383.9	343.1	319.4
21.1	328.17	366.82	404.58	438.78	461.21	470.31	466.98	451.55	423.57	383.59	342.61	318.84
21.2	327.64	366.44	404.36	438.76	461.32	470.52	467.16	451.6	423.44	383.28	342.12	318.28
21.3	327.11	366.06	404.14	438.74	461.43	470.73	467.34	451.65	423.31	382.97	341.63	317.72
21.4	326.58	365.68	403.92	438.72	461.54	470.94	467.52	451.7	423.18	382.66	341.14	317.16
21.5	326.05	365.3	403.7	438.7	461.65	471.15	467.7	451.75	423.05	382.35	340.65	316.6
21.6	325.52	364.92	403.48	438.68	461.76	471.36	467.88	451.8	422.92	382.04	340.16	316.04
21.7	324.99	364.54	403.26	438.66	461.87	471.57	468.06	451.85	422.79	381.73	339.67	315.48
21.8	324.46	364.16	403.04	438.64	461.98	471.78	468.24	451.9	422.66	381.42	339.18	314.92
21.9	323.93	363.78	402.82	438.62	462.09	471.99	468.42	451.95	422.53	381.11	338.69	314.36
22	323.4	363.4	402.6	438.6	462.2	472.2	468.6	452	422.4	380.8	338.2	313.8
22.1	322.87	363.02	402.38	438.58	462.31	472.41	468.78	452.05	422.27	380.49	337.71	313.24
22.2	322.34	362.64	402.16	438.56	462.42	472.62	468.96	452.1	422.14	380.18	337.22	312.68
22.3	321.81	362.26	401.94	438.54	462.53	472.83	469.14	452.15	422.01	379.87	336.73	312.12
22.4	321.28	361.88	401.72	438.52	462.64	473.04	469.32	452.2	421.88	379.56	336.24	311.56
22.5	320.75	361.5	401.5	438.5	462.75	473.25	469.5	452.25	421.75	379.25	335.75	311
22.6	320.22	361.12	401.28	438.48	462.86	473.46	469.68	452.3	421.62	378.94	335.26	310.44
22.7	319.69	360.74	401.06	438.46	462.97	473.67	469.86	452.35	421.49	378.63	334.77	309.88
22.8	319.16	360.36	400.84	438.44	463.08	473.88	470.04	452.4	421.36	378.32	334.28	309.32
22.9	318.63	359.98	400.62	438.42	463.19	474.09	470.22	452.45	421.23	378.01	333.79	308.76
23	318.1	359.6	400.4	438.4	463.3	474.3	470.4	452.5	421.1	377.7	333.3	308.2
23.1	317.57	359.22	400.18	438.38	463.41	474.51	470.58	452.55	420.97	377.39	332.81	307.64
23.2	317.04	358.84	399.96	438.36	463.52	474.72	470.76	452.6	420.84	377.08	332.32	307.08
23.3	316.51	358.46	399.74	438.34	463.63	474.93	470.94	452.65	420.71	376.77	331.83	306.52
23.4	315.98	358.08	399.52	438.32	463.74	475.14	471.12	452.7	420.58	376.46	331.34	305.96
23.5	315.45	357.7	399.3	438.3	463.85	475.35	471.3	452.75	420.45	376.15	330.85	305.4
23.6	314.92	357.32	399.08	438.28	463.96	475.56	471.48	452.8	420.32	375.84	330.36	304.84
23.7	314.39	356.94	398.86	438.26	464.07	475.77	471.66	452.85	420.19	375.53	329.87	304.28
23.8	313.86	356.56	398.64	438.24	464.18	475.98	471.84	452.9	420.06	375.22	329.38	303.72
23.9	313.33	356.18	398.42	438.22	464.29	476.19	472.02	452.95	419.93	374.91	328.89	303.16
24	312.8	355.8	398.2	438.2	464.4	476.4	472.2	453	419.8	374.6	328.4	302.6
24.1	312.27	355.42	397.98	438.18	464.51	476.61	472.38	453.05	419.67	374.29	327.91	302.04
24.2	311.74	355.04	397.76	438.16	464.62	476.82	472.56	453.1	419.54	373.98	327.42	301.48
24.3	311.21	354.66	397.54	438.14	464.73	477.03	472.74	453.15	419.41	373.67	326.93	300.92
24.4	310.68	354.28	397.32	438.12	464.84	477.24	472.92	453.2	419.28	373.36	326.44	300.36
24.5	310.15	353.9	397.1	438.1	464.95	477.45	473.1	453.25	419.15	373.05	325.95	299.8
24.6	309.62	353.52	396.88	438.08	465.06	477.66	473.28	453.3	419.02	372.74	325.46	299.24
24.7	309.09	353.14	396.66	438.06	465.17	477.87	473.46	453.35	418.89	372.43	324.97	298.68
24.8	308.56	352.76	396.44	438.04	465.28	478.08	473.64	453.4	418.76	372.12	324.48	298.12
24.9	308.03	352.38	396.22	438.02	465.39	478.29	473.82	453.45	418.63	371.81	323.99	297.56
25	307.5	352	396	438	465.5	478.5	474	453.5	418.5	371.5	323.5	297
25.1	306.97	351.62	395.78	437.98	465.61	478.71	474.18	453.55	418.37	371.19	323.01	296.44
25.2	306.44	351.24	395.56	437.96	465.72	478.92	474.36	453.6	418.24	370.88	322.52	295.88
25.3	305.91	350.86	395.34	437.94	465.83	479.13	474.54	453.65	418.11	370.57	322.03	295.32
25.4	305.38	350.48	395.12	437.92	465.94	479.34	474.72	453.7	417.98	370.26	321.54	294.76
25.5	304.85	350.1	394.9	437.9	466.05	479.55	474.9	453.75	417.85	369.95	321.05	294.2
25.6	304.32	349.72	394.68	437.88	466.16	479.76	475.08	453.8	417.72	369.64	320.56	293.64
25.7	303.79	349.34	394.46	437.86	466.27	479.97	475.26	453.85	417.59	369.33	320.07	293.08
25.8	303.26	348.96	394.24	437.84	466.38	480.18	475.44	453.9	417.46	369.02	319.58	292.52
25.9	302.73	348.58	394.02	437.82	466.49	480.39	475.62	453.95	417.33	368.71	319.09	291.96
26	302.2	348.2	393.8	437.8	466.6	480.6	475.8	454	417.2	368.4	318.6	291.4
26.1	301.67	347.82	393.58	437.78	466.71	480.81	475.98	454.05	417.07	368.09	318.11	290.84
26.2	301.14	347.44	393.36	437.76	466.82	481.02	476.16	454.1	416.94	367.78	317.62	290.28
26.3	300.61	347.06	393.14	437.74	466.93	481.23	476.34	454.15	416.81	367.47	317.13	289.72
26.4	300.08	346.68	392.92	437.72	467.04	481.44	476.52	454.2	416.68	367.16	316.64	289.16
26.5	299.55	346.3	392.7	437.7	467.15	481.65	476.7	454.25	416.55	366.85	316.15	288.6
26.6	299.02	345.92	392.48	437.68	467.26	481.86	476.88	454.3	416.42	366.54	315.66	288.04
26.7	298.49	345.54	392.26	437.66	467.37	482.07	477.06	454.35	416.29	366.23	315.17	287.48
26.8	297.96	345.16	392.04	437.64	467.48	482.28	477.24	454.4	416.16	365.92	314.68	286.92
26.9	297.43	344.78	391.82	437.62	467.59	482.49	477.42	454.45	416.03	365.61	314.19	286.36
27	296.9	344.4	391.6	437.6	467.7	482.7	477.6	454.5	415.9	365.3	313.7	285.8
27.1	296.37	344.02	391.38	437.58	467.81	482.91	477.78	454.55	415.77	364.99	313.21	285.24
27.2	295.84	343.64	391.16	437.56	467.92	483.12	477.96	454.6	415.64	364.68	312.72	284.68
27.3	295.31	343.26	390.94	437.54	468.03	483.33	478.14	454.65	415.51	364.37	312.23	284.12
27.4	294.78	342.88	390.72	437.52	468.14	483.54	478.32	454.7	415.38	364.06	311.74	283.56
27.5	294.25	342.5	390.5	437.5	468.25	483.75	478.5	454.75	415.25	363.75	311.25	283
27.6	293.72	342.12	390.28	437.48	468.36	483.96	478.68	454.8	415.12	363.44	310.76	282.44
27.7	293.19	341.74	390.06	437.46	468.47	484.17	478.86	454.85	414.99	363.13	310.27	281.88
27.8	292.66	341.36	389.84	437.44	468.58	484.38	479.04	454.9	414.86	362.82	309.78	281.32
27.9	292.13	340.98	389.62	437.42	468.69	484.59	479.22	454.95	414.73	362.51	309.29	280.76
28	291.6	340.6	389.4	437.4	468.8	484.8	479.4	455	414.6	362.2	308.8	280.2
28.1	291.07	340.22	389.18	437.38	468.91	485.01	479.58	455.05	414.47	361.89	308.31	279.64
28.2	290.54	339.84	388.96	437.36	469.02	485.22	479.76	455.1	414.34	361.58	307.82	279.08
28.3	290.01	339.46	388.74	437.34	469.13	485.43	479.94	455.15	414.21	361.27	307.33	278.52
28.4	289.48	339.08	388.52	437.32	469.24	485.64	480.12	455.2	414.08	360.96	306.84	277.96
28.5	288.95	338.7	388.3	437.3	469.35	485.85	480.3	455.25	413.95	360.65	306.35	277.4
28.6	288.42	338.32	388.08	437.28	469.46	486.06	480.48	455.3	413.82	360.34	305.86	276.84
28.7	287.89	337.94	387.86	437.26	469.57	486.27	480.66	455.35	413.69	360.03	305.37	276.28
28.8	287.36	337.56	387.64	437.24	469.68	486.48	480.84	455.4	413.56	359.72	304.88	275.72
28.9	286.83	337.18	387.42	437.22	469.79	486.69	481.02	455.45	413.43	359.41	304.39	275.16
29	286.3	336.8	387.2	437.2	469.9	486.9	481.2	455.5	413.3	359.1	303.9	274.6
29.1	285.77	336.42	386.98	437.18	470.01	487.11	481.38	455.55	413.17	358.79	303.41	274.04
29.2	285.24	336.04	386.76	437.16	470.12	487.32	481.56	455.6	413.04	358.48	302.92	273.48
29.3	284.71	335.66	386.54	437.14	470.23	487.53	481.74	455.65	412.91	358.17	302.43	272.92
29.4	284.18	335.28	386.32	437.12	470.34	487.74	481.92	455.7	412.78	357.86	301.94	272.36
29.5	283.65	334.9	386.1	437.1	470.45	487.95	482.1	455.75	412.65	357.55	301.45	271.8
29.6	283.12	334.52	385.88	437.08	470.56	488.16	482.28	455.8	412.52	357.24	300.96	271.24
29.7	282.59	334.14	385.66	437.06	470.67	488.37	482.46	455.85	412.39	356.93	300.47	270.68
29.8	282.06	333.76	385.44	437.04	470.78	488.58	482.64	455.9	412.26	356.62	299.98	270.12
29.9	281.53	333.38	385.22	437.02	470.89	488.79	482.82	455.95	412.13	356.31	299.49	269.56
30	281	333	385	437	471	489	483	456	412	356	299	269
30.1	280.38	332.5	384.68	436.9	471.09	489.17	483.14	455.99	411.78	355.58	298.42	268.35
30.2	279.76	332	384.36	436.8	471.18	489.34	483.28	455.98	411.56	355.16	297.84	267.7
30.3	279.14	331.5	384.04	436.7	471.27	489.51	483.42	455.97	411.34	354.74	297.26	267.05
30.4	278.52	331	383.72	436.6	471.36	489.68	483.56	455.96	411.12	354.32	296.68	266.4
30.5	277.9	330.5	383.4	436.5	471.45	489.85	483.7	455.95	410.9	353.9	296.1	265.75
30.6	277.28	330	383.08	436.4	471.54	490.02	483.84	455.94	410.68	353.48	295.52	265.1
30.7	276.66	329.5	382.76	436.3	471.63	490.19	483.98	455.93	410.46	353.06	294.94	264.45
30.8	276.04	329	382.44	436.2	471.72	490.36	484.12	455.92	410.24	352.64	294.36	263.8
30.9	275.42	328.5	382.12	436.1	471.81	490.53	484.26	455.91	410.02	352.22	293.78	263.15
31	274.8	328	381.8	436	471.9	490.7	484.4	455.9	409.8	351.8	293.2	262.5
31.1	274.18	327.5	381.48	435.9	471.99	490.87	484.54	455.89	409.58	351.38	292.62	261.85
31.2	273.56	327	381.16	435.8	472.08	491.04	484.68	455.88	409.36	350.96	292.04	261.2
31.3	272.94	326.5	380.84	435.7	472.17	491.21	484.82	455.87	409.14	350.54	291.46	260.55
31.4	272.32	326	380.52	435.6	472.26	491.38	484.96	455.86	408.92	350.12	290.88	259.9
31.5	271.7	325.5	380.2	435.5	472.35	491.55	485.1	455.85	408.7	349.7	290.3	259.25
31.6	271.08	325	379.88	435.4	472.44	491.72	485.24	455.84	408.48	349.28	289.72	258.6
31.7	270.46	324.5	379.56	435.3	472.53	491.89	485.38	455.83	408.26	348.86	289.14	257.95
31.8	269.84	324	379.24	435.2	472.62	492.06	485.52	455.82	408.04	348.44	288.56	257.3
31.9	269.22	323.5	378.92	435.1	472.71	492.23	485.66	455.81	407.82	348.02	287.98	256.65
32	268.6	323	378.6	435	472.8	492.4	485.8	455.8	407.6	347.6	287.4	256
32.1	267.98	322.5	378.28	434.9	472.89	492.57	485.94	455.79	407.38	347.18	286.82	255.35
32.2	267.36	322	377.96	434.8	472.98	492.74	486.08	455.78	407.16	346.76	286.24	254.7
32.3	266.74	321.5	377.64	434.7	473.07	492.91	486.22	455.77	406.94	346.34	285.66	254.05
32.4	266.12	321	377.32	434.6	473.16	493.08	486.36	455.76	406.72	345.92	285.08	253.4
32.5	265.5	320.5	377	434.5	473.25	493.25	486.5	455.75	406.5	345.5	284.5	252.75
32.6	264.88	320	376.68	434.4	473.34	493.42	486.64	455.74	406.28	345.08	283.92	252.1
32.7	264.26	319.5	376.36	434.3	473.43	493.59	486.78	455.73	406.06	344.66	283.34	251.45
32.8	263.64	319	376.04	434.2	473.52	493.76	486.92	455.72	405.84	344.24	282.76	250.8
32.9	263.02	318.5	375.72	434.1	473.61	493.93	487.06	455.71	405.62	343.82	282.18	250.15
33	262.4	318	375.4	434	473.7	494.1	487.2	455.7	405.4	343.4	281.6	249.5
33.1	261.78	317.5	375.08	433.9	473.79	494.27	487.34	455.69	405.18	342.98	281.02	248.85
33.2	261.16	317	374.76	433.8	473.88	494.44	487.48	455.68	404.96	342.56	280.44	248.2
33.3	260.54	316.5	374.44	433.7	473.97	494.61	487.62	455.67	404.74	342.14	279.86	247.55
33.4	259.92	316	374.12	433.6	474.06	494.78	487.76	455.66	404.52	341.72	279.28	246.9
33.5	259.3	315.5	373.8	433.5	474.15	494.95	487.9	455.65	404.3	341.3	278.7	246.25
33.6	258.68	315	373.48	433.4	474.24	495.12	488.04	455.64	404.08	340.88	278.12	245.6
33.7	258.06	314.5	373.16	433.3	474.33	495.29	488.18	455.63	403.86	340.46	277.54	244.95
33.8	257.44	314	372.84	433.2	474.42	495.46	488.32	455.62	403.64	340.04	276.96	244.3
33.9	256.82	313.5	372.52	433.1	474.51	495.63	488.46	455.61	403.42	339.62	276.38	243.65
34	256.2	313	372.2	433	474.6	495.8	488.6	455.6	403.2	339.2	275.8	243
34.1	255.58	312.5	371.88	432.9	474.69	495.97	488.74	455.59	402.98	338.78	275.22	242.35
34.2	254.96	312	371.56	432.8	474.78	496.14	488.88	455.58	402.76	338.36	274.64	241.7
34.3	254.34	311.5	371.24	432.7	474.87	496.31	489.02	455.57	402.54	337.94	274.06	241.05
34.4	253.72	311	370.92	432.6	474.96	496.48	489.16	455.56	402.32	337.52	273.48	240.4
34.5	253.1	310.5	370.6	432.5	475.05	496.65	489.3	455.55	402.1	337.1	272.9	239.75
34.6	252.48	310	370.28	432.4	475.14	496.82	489.44	455.54	401.88	336.68	272.32	239.1
34.7	251.86	309.5	369.96	432.3	475.23	496.99	489.58	455.53	401.66	336.26	271.74	238.45
34.8	251.24	309	369.64	432.2	475.32	497.16	489.72	455.52	401.44	335.84	271.16	237.8
34.9	250.62	308.5	369.32	432.1	475.41	497.33	489.86	455.51	401.22	335.42	270.58	237.15
35	250	308	369	432	475.5	497.5	490	455.5	401	335	270	236.5
35.1	249.38	307.5	368.68	431.9	475.59	497.67	490.14	455.49	400.78	334.58	269.42	235.85
35.2	248.76	307	368.36	431.8	475.68	497.84	490.28	455.48	400.56	334.16	268.84	235.2
35.3	248.14	306.5	368.04	431.7	475.77	498.01	490.42	455.47	400.34	333.74	268.26	234.55
35.4	247.52	306	367.72	431.6	475.86	498.18	490.56	455.46	400.12	333.32	267.68	233.9
35.5	246.9	305.5	367.4	431.5	475.95	498.35	490.7	455.45	399.9	332.9	267.1	233.25
35.6	246.28	305	367.08	431.4	476.04	498.52	490.84	455.44	399.68	332.48	266.52	232.6
35.7	245.66	304.5	366.76	431.3	476.13	498.69	490.98	455.43	399.46	332.06	265.94	231.95
35.8	245.04	304	366.44	431.2	476.22	498.86	491.12	455.42	399.24	331.64	265.36	231.3
35.9	244.42	303.5	366.12	431.1	476.31	499.03	491.26	455.41	399.02	331.22	264.78	230.65
36	243.8	303	365.8	431	476.4	499.2	491.4	455.4	398.8	330.8	264.2	230
36.1	243.18	302.5	365.48	430.9	476.49	499.37	491.54	455.39	398.58	330.38	263.62	229.35
36.2	242.56	302	365.16	430.8	476.58	499.54	491.68	455.38	398.36	329.96	263.04	228.7
36.3	241.94	301.5	364.84	430.7	476.67	499.71	491.82	455.37	398.14	329.54	262.46	228.05
36.4	241.32	301	364.52	430.6	476.76	499.88	491.96	455.36	397.92	329.12	261.88	227.4
36.5	240.7	300.5	364.2	430.5	476.85	500.05	492.1	455.35	397.7	328.7	261.3	226.75
36.6	240.08	300	363.88	430.4	476.94	500.22	492.24	455.34	397.48	328.28	260.72	226.1
36.7	239.46	299.5	363.56	430.3	477.03	500.39	492.38	455.33	397.26	327.86	260.14	225.45
36.8	238.84	299	363.24	430.2	477.12	500.56	492.52	455.32	397.04	327.44	259.56	224.8
36.9	238.22	298.5	362.92	430.1	477.21	500.73	492.66	455.31	396.82	327.02	258.98	224.15
37	237.6	298	362.6	430	477.3	500.9	492.8	455.3	396.6	326.6	258.4	223.5
37.1	236.98	297.5	362.28	429.9	477.39	501.07	492.94	455.29	396.38	326.18	257.82	222.85
37.2	236.36	297	361.96	429.8	477.48	501.24	493.08	455.28	396.16	325.76	257.24	222.2
37.3	235.74	296.5	361.64	429.7	477.57	501.41	493.22	455.27	395.94	325.34	256.66	221.55
37.4	235.12	296	361.32	429.6	477.66	501.58	493.36	455.26	395.72	324.92	256.08	220.9
37.5	234.5	295.5	361	429.5	477.75	501.75	493.5	455.25	395.5	324.5	255.5	220.25
37.6	233.88	295	360.68	429.4	477.84	501.92	493.64	455.24	395.28	324.08	254.92	219.6
37.7	233.26	294.5	360.36	429.3	477.93	502.09	493.78	455.23	395.06	323.66	254.34	218.95
37.8	232.64	294	360.04	429.2	478.02	502.26	493.92	455.22	394.84	323.24	253.76	218.3
37.9	232.02	293.5	359.72	429.1	478.11	502.43	494.06	455.21	394.62	322.82	253.18	217.65
38	231.4	293	359.4	429	478.2	502.6	494.2	455.2	394.4	322.4	252.6	217
38.1	230.78	292.5	359.08	428.9	478.29	502.77	494.34	455.19	394.18	321.98	252.02	216.35
38.2	230.16	292	358.76	428.8	478.38	502.94	494.48	455.18	393.96	321.56	251.44	215.7
38.3	229.54	291.5	358.44	428.7	478.47	503.11	494.62	455.17	393.74	321.14	250.86	215.05
38.4	228.92	291	358.12	428.6	478.56	503.28	494.76	455.16	393.52	320.72	250.28	214.4
38.5	228.3	290.5	357.8	428.5	478.65	503.45	494.9	455.15	393.3	320.3	249.7	213.75
38.6	227.68	290	357.48	428.4	478.74	503.62	495.04	455.14	393.08	319.88	249.12	213.1
38.7	227.06	289.5	357.16	428.3	478.83	503.79	495.18	455.13	392.86	319.46	248.54	212.45
38.8	226.44	289	356.84	428.2	478.92	503.96	495.32	455.12	392.64	319.04	247.96	211.8
38.9	225.82	288.5	356.52	428.1	479.01	504.13	495.46	455.11	392.42	318.62	247.38	211.15
39	225.2	288	356.2	428	479.1	504.3	495.6	455.1	392.2	318.2	246.8	210.5
39.1	224.58	287.5	355.88	427.9	479.19	504.47	495.74	455.09	391.98	317.78	246.22	209.85
39.2	223.96	287	355.56	427.8	479.28	504.64	495.88	455.08	391.76	317.36	245.64	209.2
39.3	223.34	286.5	355.24	427.7	479.37	504.81	496.02	455.07	391.54	316.94	245.06	208.55
39.4	222.72	286	354.92	427.6	479.46	504.98	496.16	455.06	391.32	316.52	244.48	207.9
39.5	222.1	285.5	354.6	427.5	479.55	505.15	496.3	455.05	391.1	316.1	243.9	207.25
39.6	221.48	285	354.28	427.4	479.64	505.32	496.44	455.04	390.88	315.68	243.32	206.6
39.7	220.86	284.5	353.96	427.3	479.73	505.49	496.58	455.03	390.66	315.26	242.74	205.95
39.8	220.24	284	353.64	427.2	479.82	505.66	496.72	455.02	390.44	314.84	242.16	205.3
39.9	219.62	283.5	353.32	427.1	479.91	505.83	496.86	455.01	390.22	314.42	241.58	204.65
40	219	283	353	427	480	506	497	455	390	314	241	204
40.1	218.28	282.4	352.57	426.82	480.04	506.16	497.12	454.93	389.68	313.46	240.32	203.26
40.2	217.56	281.8	352.14	426.64	480.08	506.32	497.24	454.86	389.36	312.92	239.64	202.52
40.3	216.84	281.2	351.71	426.46	480.12	506.48	497.36	454.79	389.04	312.38	238.96	201.78
40.4	216.12	280.6	351.28	426.28	480.16	506.64	497.48	454.72	388.72	311.84	238.28	201.04
40.5	215.4	280	350.85	426.1	480.2	506.8	497.6	454.65	388.4	311.3	237.6	200.3
40.6	214.68	279.4	350.42	425.92	480.24	506.96	497.72	454.58	388.08	310.76	236.92	199.56
40.7	213.96	278.8	349.99	425.74	480.28	507.12	497.84	454.51	387.76	310.22	236.24	198.82
40.8	213.24	278.2	349.56	425.56	480.32	507.28	497.96	454.44	387.44	309.68	235.56	198.08
40.9	212.52	277.6	349.13	425.38	480.36	507.44	498.08	454.37	387.12	309.14	234.88	197.34
41	211.8	277	348.7	425.2	480.4	507.6	498.2	454.3	386.8	308.6	234.2	196.6
41.1	211.08	276.4	348.27	425.02	480.44	507.76	498.32	454.23	386.48	308.06	233.52	195.86
41.2	210.36	275.8	347.84	424.84	480.48	507.92	498.44	454.16	386.16	307.52	232.84	195.12
41.3	209.64	275.2	347.41	424.66	480.52	508.08	498.56	454.09	385.84	306.98	232.16	194.38
41.4	208.92	274.6	346.98	424.48	480.56	508.24	498.68	454.02	385.52	306.44	231.48	193.64
41.5	208.2	274	346.55	424.3	480.6	508.4	498.8	453.95	385.2	305.9	230.8	192.9
41.6	207.48	273.4	346.12	424.12	480.64	508.56	498.92	453.88	384.88	305.36	230.12	192.16
41.7	206.76	272.8	345.69	423.94	480.68	508.72	499.04	453.81	384.56	304.82	229.44	191.42
41.8	206.04	272.2	345.26	423.76	480.72	508.88	499.16	453.74	384.24	304.28	228.76	190.68
41.9	205.32	271.6	344.83	423.58	480.76	509.04	499.28	453.67	383.92	303.74	228.08	189.94
42	204.6	271	344.4	423.4	480.8	509.2	499.4	453.6	383.6	303.2	227.4	189.2
42.1	203.88	270.4	343.97	423.22	480.84	509.36	499.52	453.53	383.28	302.66	226.72	188.46
42.2	203.16	269.8	343.54	423.04	480.88	509.52	499.64	453.46	382.96	302.12	226.04	187.72
42.3	202.44	269.2	343.11	422.86	480.92	509.68	499.76	453.39	382.64	301.58	225.36	186.98
42.4	201.72	268.6	342.68	422.68	480.96	509.84	499.88	453.32	382.32	301.04	224.68	186.24
42.5	201	268	342.25	422.5	481	510	500	453.25	382	300.5	224	185.5
42.6	200.28	267.4	341.82	422.32	481.04	510.16	500.12	453.18	381.68	299.96	223.32	184.76
42.7	199.56	266.8	341.39	422.14	481.08	510.32	500.24	453.11	381.36	299.42	222.64	184.02
42.8	198.84	266.2	340.96	421.96	481.12	510.48	500.36	453.04	381.04	298.88	221.96	183.28
42.9	198.12	265.6	340.53	421.78	481.16	510.64	500.48	452.97	380.72	298.34	221.28	182.54
43	197.4	265	340.1	421.6	481.2	510.8	500.6	452.9	380.4	297.8	220.6	181.8
43.1	196.68	264.4	339.67	421.42	481.24	510.96	500.72	452.83	380.08	297.26	219.92	181.06
43.2	195.96	263.8	339.24	421.24	481.28	511.12	500.84	452.76	379.76	296.72	219.24	180.32
43.3	195.24	263.2	338.81	421.06	481.32	511.28	500.96	452.69	379.44	296.18	218.56	179.58
43.4	194.52	262.6	338.38	420.88	481.36	511.44	501.08	452.62	379.12	295.64	217.88	178.84
43.5	193.8	262	337.95	420.7	481.4	511.6	501.2	452.55	378.8	295.1	217.2	178.1
43.6	193.08	261.4	337.52	420.52	481.44	511.76	501.32	452.48	378.48	294.56	216.52	177.36
43.7	192.36	260.8	337.09	420.34	481.48	511.92	501.44	452.41	378.16	294.02	215.84	176.62
43.8	191.64	260.2	336.66	420.16	481.52	512.08	501.56	452.34	377.84	293.48	215.16	175.88
43.9	190.92	259.6	336.23	419.98	481.56	512.24	501.68	452.27	377.52	292.94	214.48	175.14
44	190.2	259	335.8	419.8	481.6	512.4	501.8	452.2	377.2	292.4	213.8	174.4
44.1	189.48	258.4	335.37	419.62	481.64	512.56	501.92	452.13	376.88	291.86	213.12	173.66
44.2	188.76	257.8	334.94	419.44	481.68	512.72	502.04	452.06	376.56	291.32	212.44	172.92
44.3	188.04	257.2	334.51	419.26	481.72	512.88	502.16	451.99	376.24	290.78	211.76	172.18
44.4	187.32	256.6	334.08	419.08	481.76	513.04	502.28	451.92	375.92	290.24	211.08	171.44
44.5	186.6	256	333.65	418.9	481.8	513.2	502.4	451.85	375.6	289.7	210.4	170.7
44.6	185.88	255.4	333.22	418.72	481.84	513.36	502.52	451.78	375.28	289.16	209.72	169.96
44.7	185.16	254.8	332.79	418.54	481.88	513.52	502.64	451.71	374.96	288.62	209.04	169.22
44.8	184.44	254.2	332.36	418.36	481.92	513.68	502.76	451.64	374.64	288.08	208.36	168.48
44.9	183.72	253.6	331.93	418.18	481.96	513.84	502.88	451.57	374.32	287.54	207.68	167.74
45	183	253	331.5	418	482	514	503	451.5	374	287	207	167
45.1	182.28	252.4	331.07	417.82	482.04	514.16	503.12	451.43	373.68	286.46	206.32	166.26
45.2	181.56	251.8	330.64	417.64	482.08	514.32	503.24	451.36	373.36	285.92	205.64	165.52
45.3	180.84	251.2	330.21	417.46	482.12	514.48	503.36	451.29	373.04	285.38	204.96	164.78
45.4	180.12	250.6	329.78	417.28	482.16	514.64	503.48	451.22	372.72	284.84	204.28	164.04
45.5	179.4	250	329.35	417.1	482.2	514.8	503.6	451.15	372.4	284.3	203.6	163.3
45.6	178.68	249.4	328.92	416.92	482.24	514.96	503.72	451.08	372.08	283.76	202.92	162.56
45.7	177.96	248.8	328.49	416.74	482.28	515.12	503.84	451.01	371.76	283.22	202.24	161.82
45.8	177.24	248.2	328.06	416.56	482.32	515.28	503.96	450.94	371.44	282.68	201.56	161.08
45.9	176.52	247.6	327.63	416.38	482.36	515.44	504.08	450.87	371.12	282.14	200.88	160.34
46	175.8	247	327.2	416.2	482.4	515.6	504.2	450.8	370.8	281.6	200.2	159.6
46.1	175.08	246.4	326.77	416.02	482.44	515.76	504.32	450.73	370.48	281.06	199.52	158.86
46.2	174.36	245.8	326.34	415.84	482.48	515.92	504.44	450.66	370.16	280.52	198.84	158.12
46.3	173.64	245.2	325.91	415.66	482.52	516.08	504.56	450.59	369.84	279.98	198.16	157.38
46.4	172.92	244.6	325.48	415.48	482.56	516.24	504.68	450.52	369.52	279.44	197.48	156.64
46.5	172.2	244	325.05	415.3	482.6	516.4	504.8	450.45	369.2	278.9	196.8	155.9
46.6	171.48	243.4	324.62	415.12	482.64	516.56	504.92	450.38	368.88	278.36	196.12	155.16
46.7	170.76	242.8	324.19	414.94	482.68	516.72	505.04	450.31	368.56	277.82	195.44	154.42
46.8	170.04	242.2	323.76	414.76	482.72	516.88	505.16	450.24	368.24	277.28	194.76	153.68
46.9	169.32	241.6	323.33	414.58	482.76	517.04	505.28	450.17	367.92	276.74	194.08	152.94
47	168.6	241	322.9	414.4	482.8	517.2	505.4	450.1	367.6	276.2	193.4	152.2
47.1	167.88	240.4	322.47	414.22	482.84	517.36	505.52	450.03	367.28	275.66	192.72	151.46
47.2	167.16	239.8	322.04	414.04	482.88	517.52	505.64	449.96	366.96	275.12	192.04	150.72
47.3	166.44	239.2	321.61	413.86	482.92	517.68	505.76	449.89	366.64	274.58	191.36	149.98
47.4	165.72	238.6	321.18	413.68	482.96	517.84	505.88	449.82	366.32	274.04	190.68	149.24
47.5	165	238	320.75	413.5	483	518	506	449.75	366	273.5	190	148.5
47.6	164.28	237.4	320.32	413.32	483.04	518.16	506.12	449.68	365.68	272.96	189.32	147.76
47.7	163.56	236.8	319.89	413.14	483.08	518.32	506.24	449.61	365.36	272.42	188.64	147.02
47.8	162.84	236.2	319.46	412.96	483.12	518.48	506.36	449.54	365.04	271.88	187.96	146.28
47.9	162.12	235.6	319.03	412.78	483.16	518.64	506.48	449.47	364.72	271.34	187.28	145.54
48	161.4	235	318.6	412.6	483.2	518.8	506.6	449.4	364.4	270.8	186.6	144.8
48.1	160.68	234.4	318.17	412.42	483.24	518.96	506.72	449.33	364.08	270.26	185.92	144.06
48.2	159.96	233.8	317.74	412.24	483.28	519.12	506.84	449.26	363.76	269.72	185.24	143.32
48.3	159.24	233.2	317.31	412.06	483.32	519.28	506.96	449.19	363.44	269.18	184.56	142.58
48.4	158.52	232.6	316.88	411.88	483.36	519.44	507.08	449.12	363.12	268.64	183.88	141.84
48.5	157.8	232	316.45	411.7	483.4	519.6	507.2	449.05	362.8	268.1	183.2	141.1
48.6	157.08	231.4	316.02	411.52	483.44	519.76	507.32	448.98	362.48	267.56	182.52	140.36
48.7	156.36	230.8	315.59	411.34	483.48	519.92	507.44	448.91	362.16	267.02	181.84	139.62
48.8	155.64	230.2	315.16	411.16	483.52	520.08	507.56	448.84	361.84	266.48	181.16	138.88
48.9	154.92	229.6	314.73	410.98	483.56	520.24	507.68	448.77	361.52	265.94	180.48	138.14
49	154.2	229	314.3	410.8	483.6	520.4	507.8	448.7	361.2	265.4	179.8	137.4
49.1	153.48	228.4	313.87	410.62	483.64	520.56	507.92	448.63	360.88	264.86	179.12	136.66
49.2	152.76	227.8	313.44	410.44	483.68	520.72	508.04	448.56	360.56	264.32	178.44	135.92
49.3	152.04	227.2	313.01	410.26	483.72	520.88	508.16	448.49	360.24	263.78	177.76	135.18
49.4	151.32	226.6	312.58	410.08	483.76	521.04	508.28	448.42	359.92	263.24	177.08	134.44
49.5	150.6	226	312.15	409.9	483.8	521.2	508.4	448.35	359.6	262.7	176.4	133.7
49.6	149.88	225.4	311.72	409.72	483.84	521.36	508.52	448.28	359.28	262.16	175.72	132.96
49.7	149.16	224.8	311.29	409.54	483.88	521.52	508.64	448.21	358.96	261.62	175.04	132.22
49.8	148.44	224.2	310.86	409.36	483.92	521.68	508.76	448.14	358.64	261.08	174.36	131.48
49.9	147.72	223.6	310.43	409.18	483.96	521.84	508.88	448.07	358.32	260.54	173.68	130.74
50	147	223	310	409	484	522	509	448	358	260	173	130
50.1	146.19	222.28	309.44	408.74	484.03	522.22	509.14	447.88	357.58	259.35	172.21	129.19
50.2	145.38	221.56	308.88	408.48	484.06	522.44	509.28	447.76	357.16	258.7	171.42	128.38
50.3	144.57	220.84	308.32	408.22	484.09	522.66	509.42	447.64	356.74	258.05	170.63	127.57
50.4	143.76	220.12	307.76	407.96	484.12	522.88	509.56	447.52	356.32	257.4	169.84	126.76
50.5	142.95	219.4	307.2	407.7	484.15	523.1	509.7	447.4	355.9	256.75	169.05	125.95
50.6	142.14	218.68	306.64	407.44	484.18	523.32	509.84	447.28	355.48	256.1	168.26	125.14
50.7	141.33	217.96	306.08	407.18	484.21	523.54	509.98	447.16	355.06	255.45	167.47	124.33
50.8	140.52	217.24	305.52	406.92	484.24	523.76	510.12	447.04	354.64	254.8	166.68	123.52
50.9	139.71	216.52	304.96	406.66	484.27	523.98	510.26	446.92	354.22	254.15	165.89	122.71
51	138.9	215.8	304.4	406.4	484.3	524.2	510.4	446.8	353.8	253.5	165.1	121.9
51.1	138.09	215.08	303.84	406.14	484.33	524.42	510.54	446.68	353.38	252.85	164.31	121.09
51.2	137.28	214.36	303.28	405.88	484.36	524.64	510.68	446.56	352.96	252.2	163.52	120.28
51.3	136.47	213.64	302.72	405.62	484.39	524.86	510.82	446.44	352.54	251.55	162.73	119.47
51.4	135.66	212.92	302.16	405.36	484.42	525.08	510.96	446.32	352.12	250.9	161.94	118.66
51.5	134.85	212.2	301.6	405.1	484.45	525.3	511.1	446.2	351.7	250.25	161.15	117.85
51.6	134.04	211.48	301.04	404.84	484.48	525.52	511.24	446.08	351.28	249.6	160.36	117.04
51.7	133.23	210.76	300.48	404.58	484.51	525.74	511.38	445.96	350.86	248.95	159.57	116.23
51.8	132.42	210.04	299.92	404.32	484.54	525.96	511.52	445.84	350.44	248.3	158.78	115.42
51.9	131.61	209.32	299.36	404.06	484.57	526.18	511.66	445.72	350.02	247.65	157.99	114.61
52	130.8	208.6	298.8	403.8	484.6	526.4	511.8	445.6	349.6	247	157.2	113.8
52.1	129.99	207.88	298.24	403.54	484.63	526.62	511.94	445.48	349.18	246.35	156.41	112.99
52.2	129.18	207.16	297.68	403.28	484.66	526.84	512.08	445.36	348.76	245.7	155.62	112.18
52.3	128.37	206.44	297.12	403.02	484.69	527.06	512.22	445.24	348.34	245.05	154.83	111.37
52.4	127.56	205.72	296.56	402.76	484.72	527.28	512.36	445.12	347.92	244.4	154.04	110.56
52.5	126.75	205	296	402.5	484.75	527.5	512.5	445	347.5	243.75	153.25	109.75
52.6	125.94	204.28	295.44	402.24	484.78	527.72	512.64	444.88	347.08	243.1	152.46	108.94
52.7	125.13	203.56	294.88	401.98	484.81	527.94	512.78	444.76	346.66	242.45	151.67	108.13
52.8	124.32	202.84	294.32	401.72	484.84	528.16	512.92	444.64	346.24	241.8	150.88	107.32
52.9	123.51	202.12	293.76	401.46	484.87	528.38	513.06	444.52	345.82	241.15	150.09	106.51
53	122.7	201.4	293.2	401.2	484.9	528.6	513.2	444.4	345.4	240.5	149.3	105.7
53.1	121.89	200.68	292.64	400.94	484.93	528.82	513.34	444.28	344.98	239.85	148.51	104.89
53.2	121.08	199.96	292.08	400.68	484.96	529.04	513.48	444.16	344.56	239.2	147.72	104.08
53.3	120.27	199.24	291.52	400.42	484.99	529.26	513.62	444.04	344.14	238.55	146.93	103.27
53.4	119.46	198.52	290.96	400.16	485.02	529.48	513.76	443.92	343.72	237.9	146.14	102.46
53.5	118.65	197.8	290.4	399.9	485.05	529.7	513.9	443.8	343.3	237.25	145.35	101.65
53.6	117.84	197.08	289.84	399.64	485.08	529.92	514.04	443.68	342.88	236.6	144.56	100.84
53.7	117.03	196.36	289.28	399.38	485.11	530.14	514.18	443.56	342.46	235.95	143.77	100.03
53.8	116.22	195.64	288.72	399.12	485.14	530.36	514.32	443.44	342.04	235.3	142.98	99.22
53.9	115.41	194.92	288.16	398.86	485.17	530.58	514.46	443.32	341.62	234.65	142.19	98.41
54	114.6	194.2	287.6	398.6	485.2	530.8	514.6	443.2	341.2	234	141.4	97.6
54.1	113.79	193.48	287.04	398.34	485.23	531.02	514.74	443.08	340.78	233.35	140.61	96.79
54.2	112.98	192.76	286.48	398.08	485.26	531.24	514.88	442.96	340.36	232.7	139.82	95.98
54.3	112.17	192.04	285.92	397.82	485.29	531.46	515.02	442.84	339.94	232.05	139.03	95.17
54.4	111.36	191.32	285.36	397.56	485.32	531.68	515.16	442.72	339.52	231.4	138.24	94.36
54.5	110.55	190.6	284.8	397.3	485.35	531.9	515.3	442.6	339.1	230.75	137.45	93.55
54.6	109.74	189.88	284.24	397.04	485.38	532.12	515.44	442.48	338.68	230.1	136.66	92.74
54.7	108.93	189.16	283.68	396.78	485.41	532.34	515.58	442.36	338.26	229.45	135.87	91.93
54.8	108.12	188.44	283.12	396.52	485.44	532.56	515.72	442.24	337.84	228.8	135.08	91.12
54.9	107.31	187.72	282.56	396.26	485.47	532.78	515.86	442.12	337.42	228.15	134.29	90.31
55	106.5	187	282	396	485.5	533	516	442	337	227.5	133.5	89.5
55.1	105.69	186.28	281.44	395.74	485.53	533.22	516.14	441.88	336.58	226.85	132.71	88.69
55.2	104.88	185.56	280.88	395.48	485.56	533.44	516.28	441.76	336.16	226.2	131.92	87.88
55.3	104.07	184.84	280.32	395.22	485.59	533.66	516.42	441.64	335.74	225.55	131.13	87.07
55.4	103.26	184.12	279.76	394.96	485.62	533.88	516.56	441.52	335.32	224.9	130.34	86.26
55.5	102.45	183.4	279.2	394.7	485.65	534.1	516.7	441.4	334.9	224.25	129.55	85.45
55.6	101.64	182.68	278.64	394.44	485.68	534.32	516.84	441.28	334.48	223.6	128.76	84.64
55.7	100.83	181.96	278.08	394.18	485.71	534.54	516.98	441.16	334.06	222.95	127.97	83.83
55.8	100.02	181.24	277.52	393.92	485.74	534.76	517.12	441.04	333.64	222.3	127.18	83.02
55.9	99.21	180.52	276.96	393.66	485.77	534.98	517.26	440.92	333.22	221.65	126.39	82.21
56	98.4	179.8	276.4	393.4	485.8	535.2	517.4	440.8	332.8	221	125.6	81.4
56.1	97.59	179.08	275.84	393.14	485.83	535.42	517.54	440.68	332.38	220.35	124.81	80.59
56.2	96.78	178.36	275.28	392.88	485.86	535.64	517.68	440.56	331.96	219.7	124.02	79.78
56.3	95.97	177.64	274.72	392.62	485.89	535.86	517.82	440.44	331.54	219.05	123.23	78.97
56.4	95.16	176.92	274.16	392.36	485.92	536.08	517.96	440.32	331.12	218.4	122.44	78.16
56.5	94.35	176.2	273.6	392.1	485.95	536.3	518.1	440.2	330.7	217.75	121.65	77.35
56.6	93.54	175.48	273.04	391.84	485.98	536.52	518.24	440.08	330.28	217.1	120.86	76.54
56.7	92.73	174.76	272.48	391.58	486.01	536.74	518.38	439.96	329.86	216.45	120.07	75.73
56.8	91.92	174.04	271.92	391.32	486.04	536.96	518.52	439.84	329.44	215.8	119.28	74.92
56.9	91.11	173.32	271.36	391.06	486.07	537.18	518.66	439.72	329.02	215.15	118.49	74.11
57	90.3	172.6	270.8	390.8	486.1	537.4	518.8	439.6	328.6	214.5	117.7	73.3
57.1	89.49	171.88	270.24	390.54	486.13	537.62	518.94	439.48	328.18	213.85	116.91	72.49
57.2	88.68	171.16	269.68	390.28	486.16	537.84	519.08	439.36	327.76	213.2	116.12	71.68
57.3	87.87	170.44	269.12	390.02	486.19	538.06	519.22	439.24	327.34	212.55	115.33	70.87
57.4	87.06	169.72	268.56	389.76	486.22	538.28	519.36	439.12	326.92	211.9	114.54	70.06
57.5	86.25	169	268	389.5	486.25	538.5	519.5	439	326.5	211.25	113.75	69.25
57.6	85.44	168.28	267.44	389.24	486.28	538.72	519.64	438.88	326.08	210.6	112.96	68.44
57.7	84.63	167.56	266.88	388.98	486.31	538.94	519.78	438.76	325.66	209.95	112.17	67.63
57.8	83.82	166.84	266.32	388.72	486.34	539.16	519.92	438.64	325.24	209.3	111.38	66.82
57.9	83.01	166.12	265.76	388.46	486.37	539.38	520.06	438.52	324.82	208.65	110.59	66.01
58	82.2	165.4	265.2	388.2	486.4	539.6	520.2	438.4	324.4	208	109.8	65.2
58.1	81.39	164.68	264.64	387.94	486.43	539.82	520.34	438.28	323.98	207.35	109.01	64.39
58.2	80.58	163.96	264.08	387.68	486.46	540.04	520.48	438.16	323.56	206.7	108.22	63.58
58.3	79.77	163.24	263.52	387.42	486.49	540.26	520.62	438.04	323.14	206.05	107.43	62.77
58.4	78.96	162.52	262.96	387.16	486.52	540.48	520.76	437.92	322.72	205.4	106.64	61.96
58.5	78.15	161.8	262.4	386.9	486.55	540.7	520.9	437.8	322.3	204.75	105.85	61.15
58.6	77.34	161.08	261.84	386.64	486.58	540.92	521.04	437.68	321.88	204.1	105.06	60.34
58.7	76.53	160.36	261.28	386.38	486.61	541.14	521.18	437.56	321.46	203.45	104.27	59.53
58.8	75.72	159.64	260.72	386.12	486.64	541.36	521.32	437.44	321.04	202.8	103.48	58.72
58.9	74.91	158.92	260.16	385.86	486.67	541.58	521.46	437.32	320.62	202.15	102.69	57.91
59	74.1	158.2	259.6	385.6	486.7	541.8	521.6	437.2	320.2	201.5	101.9	57.1
59.1	73.29	157.48	259.04	385.34	486.73	542.02	521.74	437.08	319.78	200.85	101.11	56.29
59.2	72.48	156.76	258.48	385.08	486.76	542.24	521.88	436.96	319.36	200.2	100.32	55.48
59.3	71.67	156.04	257.92	384.82	486.79	542.46	522.02	436.84	318.94	199.55	99.53	54.67
59.4	70.86	155.32	257.36	384.56	486.82	542.68	522.16	436.72	318.52	198.9	98.74	53.86
59.5	70.05	154.6	256.8	384.3	486.85	542.9	522.3	436.6	318.1	198.25	97.95	53.05
59.6	69.24	153.88	256.24	384.04	486.88	543.12	522.44	436.48	317.68	197.6	97.16	52.24
59.7	68.43	153.16	255.68	383.78	486.91	543.34	522.58	436.36	317.26	196.95	96.37	51.43
59.8	67.62	152.44	255.12	383.52	486.94	543.56	522.72	436.24	316.84	196.3	95.58	50.62
59.9	66.81	151.72	254.56	383.26	486.97	543.78	522.86	436.12	316.42	195.65	94.79	49.81
60	66	151	254	383	487	544	523	436	316	195	94	49
60.1	65.34	150.14	253.31	382.67	487.19	544.68	523.52	435.91	315.46	194.19	93.13	48.51
60.2	64.68	149.28	252.62	382.34	487.38	545.36	524.04	435.82	314.92	193.38	92.26	48.02
60.3	64.02	148.42	251.93	382.01	487.57	546.04	524.56	435.73	314.38	192.57	91.39	47.53
60.4	63.36	147.56	251.24	381.68	487.76	546.72	525.08	435.64	313.84	191.76	90.52	47.04
60.5	62.7	146.7	250.55	381.35	487.95	547.4	525.6	435.55	313.3	190.95	89.65	46.55
60.6	62.04	145.84	249.86	381.02	488.14	548.08	526.12	435.46	312.76	190.14	88.78	46.06
60.7	61.38	144.98	249.17	380.69	488.33	548.76	526.64	435.37	312.22	189.33	87.91	45.57
60.8	60.72	144.12	248.48	380.36	488.52	549.44	527.16	435.28	311.68	188.52	87.04	45.08
60.9	60.06	143.26	247.79	380.03	488.71	550.12	527.68	435.19	311.14	187.71	86.17	44.59
61	59.4	142.4	247.1	379.7	488.9	550.8	528.2	435.1	310.6	186.9	85.3	44.1
61.1	58.74	141.54	246.41	379.37	489.09	551.48	528.72	435.01	310.06	186.09	84.43	43.61
61.2	58.08	140.68	245.72	379.04	489.28	552.16	529.24	434.92	309.52	185.28	83.56	43.12
61.3	57.42	139.82	245.03	378.71	489.47	552.84	529.76	434.83	308.98	184.47	82.69	42.63
61.4	56.76	138.96	244.34	378.38	489.66	553.52	530.28	434.74	308.44	183.66	81.82	42.14
61.5	56.1	138.1	243.65	378.05	489.85	554.2	530.8	434.65	307.9	182.85	80.95	41.65
61.6	55.44	137.24	242.96	377.72	490.04	554.88	531.32	434.56	307.36	182.04	80.08	41.16
61.7	54.78	136.38	242.27	377.39	490.23	555.56	531.84	434.47	306.82	181.23	79.21	40.67
61.8	54.12	135.52	241.58	377.06	490.42	556.24	532.36	434.38	306.28	180.42	78.34	40.18
61.9	53.46	134.66	240.89	376.73	490.61	556.92	532.88	434.29	305.74	179.61	77.47	39.69
62	52.8	133.8	240.2	376.4	490.8	557.6	533.4	434.2	305.2	178.8	76.6	39.2
62.1	52.14	132.94	239.51	376.07	490.99	558.28	533.92	434.11	304.66	177.99	75.73	38.71
62.2	51.48	132.08	238.82	375.74	491.18	558.96	534.44	434.02	304.12	177.18	74.86	38.22
62.3	50.82	131.22	238.13	375.41	491.37	559.64	534.96	433.93	303.58	176.37	73.99	37.73
62.4	50.16	130.36	237.44	375.08	491.56	560.32	535.48	433.84	303.04	175.56	73.12	37.24
62.5	49.5	129.5	236.75	374.75	491.75	561	536	433.75	302.5	174.75	72.25	36.75
62.6	48.84	128.64	236.06	374.42	491.94	561.68	536.52	433.66	301.96	173.94	71.38	36.26
62.7	48.18	127.78	235.37	374.09	492.13	562.36	537.04	433.57	301.42	173.13	70.51	35.77
62.8	47.52	126.92	234.68	373.76	492.32	563.04	537.56	433.48	300.88	172.32	69.64	35.28
62.9	46.86	126.06	233.99	373.43	492.51	563.72	538.08	433.39	300.34	171.51	68.77	34.79
63	46.2	125.2	233.3	373.1	492.7	564.4	538.6	433.3	299.8	170.7	67.9	34.3
63.1	45.54	124.34	232.61	372.77	492.89	565.08	539.12	433.21	299.26	169.89	67.03	33.81
63.2	44.88	123.48	231.92	372.44	493.08	565.76	539.64	433.12	298.72	169.08	66.16	33.32
63.3	44.22	122.62	231.23	372.11	493.27	566.44	540.16	433.03	298.18	168.27	65.29	32.83
63.4	43.56	121.76	230.54	371.78	493.46	567.12	540.68	432.94	297.64	167.46	64.42	32.34
63.5	42.9	120.9	229.85	371.45	493.65	567.8	541.2	432.85	297.1	166.65	63.55	31.85
63.6	42.24	120.04	229.16	371.12	493.84	568.48	541.72	432.76	296.56	165.84	62.68	31.36
63.7	41.58	119.18	228.47	370.79	494.03	569.16	542.24	432.67	296.02	165.03	61.81	30.87
63.8	40.92	118.32	227.78	370.46	494.22	569.84	542.76	432.58	295.48	164.22	60.94	30.38
63.9	40.26	117.46	227.09	370.13	494.41	570.52	543.28	432.49	294.94	163.41	60.07	29.89
64	39.6	116.6	226.4	369.8	494.6	571.2	543.8	432.4	294.4	162.6	59.2	29.4
64.1	38.94	115.74	225.71	369.47	494.79	571.88	544.32	432.31	293.86	161.79	58.33	28.91
64.2	38.28	114.88	225.02	369.14	494.98	572.56	544.84	432.22	293.32	160.98	57.46	28.42
64.3	37.62	114.02	224.33	368.81	495.17	573.24	545.36	432.13	292.78	160.17	56.59	27.93
64.4	36.96	113.16	223.64	368.48	495.36	573.92	545.88	432.04	292.24	159.36	55.72	27.44
64.5	36.3	112.3	222.95	368.15	495.55	574.6	546.4	431.95	291.7	158.55	54.85	26.95
64.6	35.64	111.44	222.26	367.82	495.74	575.28	546.92	431.86	291.16	157.74	53.98	26.46
64.7	34.98	110.58	221.57	367.49	495.93	575.96	547.44	431.77	290.62	156.93	53.11	25.97
64.8	34.32	109.72	220.88	367.16	496.12	576.64	547.96	431.68	290.08	156.12	52.24	25.48
64.9	33.66	108.86	220.19	366.83	496.31	577.32	548.48	431.59	289.54	155.31	51.37	24.99
65	33	108	219.5	366.5	496.5	578	549	431.5	289	154.5	50.5	24.5
65.1	32.34	107.14	218.81	366.17	496.69	578.68	549.52	431.41	288.46	153.69	49.63	24.01
65.2	31.68	106.28	218.12	365.84	496.88	579.36	550.04	431.32	287.92	152.88	48.76	23.52
65.3	31.02	105.42	217.43	365.51	497.07	580.04	550.56	431.23	287.38	152.07	47.89	23.03
65.4	30.36	104.56	216.74	365.18	497.26	580.72	551.08	431.14	286.84	151.26	47.02	22.54
65.5	29.7	103.7	216.05	364.85	497.45	581.4	551.6	431.05	286.3	150.45	46.15	22.05
65.6	29.04	102.84	215.36	364.52	497.64	582.08	552.12	430.96	285.76	149.64	45.28	21.56
65.7	28.38	101.98	214.67	364.19	497.83	582.76	552.64	430.87	285.22	148.83	44.41	21.07
65.8	27.72	101.12	213.98	363.86	498.02	583.44	553.16	430.78	284.68	148.02	43.54	20.58
65.9	27.06	100.26	213.29	363.53	498.21	584.12	553.68	430.69	284.14	147.21	42.67	20.09
66	26.4	99.4	212.6	363.2	498.4	584.8	554.2	430.6	283.6	146.4	41.8	19.6
66.1	25.74	98.54	211.91	362.87	498.59	585.48	554.72	430.51	283.06	145.59	40.93	19.11
66.2	25.08	97.68	211.22	362.54	498.78	586.16	555.24	430.42	282.52	144.78	40.06	18.62
66.3	24.42	96.82	210.53	362.21	498.97	586.84	555.76	430.33	281.98	143.97	39.19	18.13
66.4	23.76	95.96	209.84	361.88	499.16	587.52	556.28	430.24	281.44	143.16	38.32	17.64
66.5	23.1	95.1	209.15	361.55	499.35	588.2	556.8	430.15	280.9	142.35	37.45	17.15
66.6	22.44	94.24	208.46	361.22	499.54	588.88	557.32	430.06	280.36	141.54	36.58	16.66
66.7	21.78	93.38	207.77	360.89	499.73	589.56	557.84	429.97	279.82	140.73	35.71	16.17
66.8	21.12	92.52	207.08	360.56	499.92	590.24	558.36	429.88	279.28	139.92	34.84	15.68
66.9	20.46	91.66	206.39	360.23	500.11	590.92	558.88	429.79	278.74	139.11	33.97	15.19
67	19.8	90.8	205.7	359.9	500.3	591.6	559.4	429.7	278.2	138.3	33.1	14.7
67.1	19.14	89.94	205.01	359.57	500.49	592.28	559.92	429.61	277.66	137.49	32.23	14.21
67.2	18.48	89.08	204.32	359.24	500.68	592.96	560.44	429.52	277.12	136.68	31.36	13.72
67.3	17.82	88.22	203.63	358.91	500.87	593.64	560.96	429.43	276.58	135.87	30.49	13.23
67.4	17.16	87.36	202.94	358.58	501.06	594.32	561.48	429.34	276.04	135.06	29.62	12.74
67.5	16.5	86.5	202.25	358.25	501.25	595	562	429.25	275.5	134.25	28.75	12.25
67.6	15.84	85.64	201.56	357.92	501.44	595.68	562.52	429.16	274.96	133.44	27.88	11.76
67.7	15.18	84.78	200.87	357.59	501.63	596.36	563.04	429.07	274.42	132.63	27.01	11.27
67.8	14.52	83.92	200.18	357.26	501.82	597.04	563.56	428.98	273.88	131.82	26.14	10.78
67.9	13.86	83.06	199.49	356.93	502.01	597.72	564.08	428.89	273.34	131.01	25.27	10.29
68	13.2	82.2	198.8	356.6	502.2	598.4	564.6	428.8	272.8	130.2	24.4	9.8
68.1	12.54	81.34	198.11	356.27	502.39	599.08	565.12	428.71	272.26	129.39	23.53	9.31
68.2	11.88	80.48	197.42	355.94	502.58	599.76	565.64	428.62	271.72	128.58	22.66	8.82
68.3	11.22	79.62	196.73	355.61	502.77	600.44	566.16	428.53	271.18	127.77	21.79	8.33
68.4	10.56	78.76	196.04	355.28	502.96	601.12	566.68	428.44	270.64	126.96	20.92	7.84
68.5	9.9	77.9	195.35	354.95	503.15	601.8	567.2	428.35	270.1	126.15	20.05	7.35
68.6	9.24	77.04	194.66	354.62	503.34	602.48	567.72	428.26	269.56	125.34	19.18	6.86
68.7	8.58	76.18	193.97	354.29	503.53	603.16	568.24	428.17	269.02	124.53	18.31	6.37
68.8	7.92	75.32	193.28	353.96	503.72	603.84	568.76	428.08	268.48	123.72	17.44	5.88
68.9	7.26	74.46	192.59	353.63	503.91	604.52	569.28	427.99	267.94	122.91	16.57	5.39
69	6.6	73.6	191.9	353.3	504.1	605.2	569.8	427.9	267.4	122.1	15.7	4.9
69.1	5.94	72.74	191.21	352.97	504.29	605.88	570.32	427.81	266.86	121.29	14.83	4.41
69.2	5.28	71.88	190.52	352.64	504.48	606.56	570.84	427.72	266.32	120.48	13.96	3.92
69.3	4.62	71.02	189.83	352.31	504.67	607.24	571.36	427.63	265.78	119.67	13.09	3.43
69.4	3.96	70.16	189.14	351.98	504.86	607.92	571.88	427.54	265.24	118.86	12.22	2.94
69.5	3.3	69.3	188.45	351.65	505.05	608.6	572.4	427.45	264.7	118.05	11.35	2.45
69.6	2.64	68.44	187.76	351.32	505.24	609.28	572.92	427.36	264.16	117.24	10.48	1.96
69.7	1.98	67.58	187.07	350.99	505.43	609.96	573.44	427.27	263.62	116.43	9.61	1.47
69.8	1.32	66.72	186.38	350.66	505.62	610.64	573.96	427.18	263.08	115.62	8.74	0.98
69.9	0.66	65.86	185.69	350.33	505.81	611.32	574.48	427.09	262.54	114.81	7.87	0.49
70	0	65	185	350	506	612	575	427	262	114	7	0
70.1	0	64.35	184.09	349.83	506.65	612.51	575.57	427.47	261.33	112.97	6.93	0
70.2	0	63.7	183.18	349.66	507.3	613.02	576.14	427.94	260.66	111.94	6.86	0
70.3	0	63.05	182.27	349.49	507.95	613.53	576.71	428.41	259.99	110.91	6.79	0
70.4	0	62.4	181.36	349.32	508.6	614.04	577.28	428.88	259.32	109.88	6.72	0
70.5	0	61.75	180.45	349.15	509.25	614.55	577.85	429.35	258.65	108.85	6.65	0
70.6	0	61.1	179.54	348.98	509.9	615.06	578.42	429.82	257.98	107.82	6.58	0
70.7	0	60.45	178.63	348.81	510.55	615.57	578.99	430.29	257.31	106.79	6.51	0
70.8	0	59.8	177.72	348.64	511.2	616.08	579.56	430.76	256.64	105.76	6.44	0
70.9	0	59.15	176.81	348.47	511.85	616.59	580.13	431.23	255.97	104.73	6.37	0
71	0	58.5	175.9	348.3	512.5	617.1	580.7	431.7	255.3	103.7	6.3	0
71.1	0	57.85	174.99	348.13	513.15	617.61	581.27	432.17	254.63	102.67	6.23	0
71.2	0	57.2	174.08	347.96	513.8	618.12	581.84	432.64	253.96	101.64	6.16	0
71.3	0	56.55	173.17	347.79	514.45	618.63	582.41	433.11	253.29	100.61	6.09	0
71.4	0	55.9	172.26	347.62	515.1	619.14	582.98	433.58	252.62	99.58	6.02	0
71.5	0	55.25	171.35	347.45	515.75	619.65	583.55	434.05	251.95	98.55	5.95	0
71.6	0	54.6	170.44	347.28	516.4	620.16	584.12	434.52	251.28	97.52	5.88	0
71.7	0	53.95	169.53	347.11	517.05	620.67	584.69	434.99	250.61	96.49	5.81	0
71.8	0	53.3	168.62	346.94	517.7	621.18	585.26	435.46	249.94	95.46	5.74	0
71.9	0	52.65	167.71	346.77	518.35	621.69	585.83	435.93	249.27	94.43	5.67	0
72	0	52	166.8	346.6	519	622.2	586.4	436.4	248.6	93.4	5.6	0
72.1	0	51.35	165.89	346.43	519.65	622.71	586.97	436.87	247.93	92.37	5.53	0
72.2	0	50.7	164.98	346.26	520.3	623.22	587.54	437.34	247.26	91.34	5.46	0
72.3	0	50.05	164.07	346.09	520.95	623.73	588.11	437.81	246.59	90.31	5.39	0
72.4	0	49.4	163.16	345.92	521.6	624.24	588.68	438.28	245.92	89.28	5.32	0
72.5	0	48.75	162.25	345.75	522.25	624.75	589.25	438.75	245.25	88.25	5.25	0
72.6	0	48.1	161.34	345.58	522.9	625.26	589.82	439.22	244.58	87.22	5.18	0
72.7	0	47.45	160.43	345.41	523.55	625.77	590.39	439.69	243.91	86.19	5.11	0
72.8	0	46.8	159.52	345.24	524.2	626.28	590.96	440.16	243.24	85.16	5.04	0
72.9	0	46.15	158.61	345.07	524.85	626.79	591.53	440.63	242.57	84.13	4.97	0
73	0	45.5	157.7	344.9	525.5	627.3	592.1	441.1	241.9	83.1	4.9	0
73.1	0	44.85	156.79	344.73	526.15	627.81	592.67	441.57	241.23	82.07	4.83	0
73.2	0	44.2	155.88	344.56	526.8	628.32	593.24	442.04	240.56	81.04	4.76	0
73.3	0	43.55	154.97	344.39	527.45	628.83	593.81	442.51	239.89	80.01	4.69	0
73.4	0	42.9	154.06	344.22	528.1	629.34	594.38	442.98	239.22	78.98	4.62	0
73.5	0	42.25	153.15	344.05	528.75	629.85	594.95	443.45	238.55	77.95	4.55	0
73.6	0	41.6	152.24	343.88	529.4	630.36	595.52	443.92	237.88	76.92	4.48	0
73.7	0	40.95	151.33	343.71	530.05	630.87	596.09	444.39	237.21	75.89	4.41	0
73.8	0	40.3	150.42	343.54	530.7	631.38	596.66	444.86	236.54	74.86	4.34	0
73.9	0	39.65	149.51	343.37	531.35	631.89	597.23	445.33	235.87	73.83	4.27	0
74	0	39	148.6	343.2	532	632.4	597.8	445.8	235.2	72.8	4.2	0
74.1	0	38.35	147.69	343.03	532.65	632.91	598.37	446.27	234.53	71.77	4.13	0
74.2	0	37.7	146.78	342.86	533.3	633.42	598.94	446.74	233.86	70.74	4.06	0
74.3	0	37.05	145.87	342.69	533.95	633.93	599.51	447.21	233.19	69.71	3.99	0
74.4	0	36.4	144.96	342.52	534.6	634.44	600.08	447.68	232.52	68.68	3.92	0
74.5	0	35.75	144.05	342.35	535.25	634.95	600.65	448.15	231.85	67.65	3.85	0
74.6	0	35.1	143.14	342.18	535.9	635.46	601.22	448.62	231.18	66.62	3.78	0
74.7	0	34.45	142.23	342.01	536.55	635.97	601.79	449.09	230.51	65.59	3.71	0
74.8	0	33.8	141.32	341.84	537.2	636.48	602.36	449.56	229.84	64.56	3.64	0
74.9	0	33.15	140.41	341.67	537.85	636.99	602.93	450.03	229.17	63.53	3.57	0
75	0	32.5	139.5	341.5	538.5	637.5	603.5	450.5	228.5	62.5	3.5	0
75.1	0	31.85	138.59	341.33	539.15	638.01	604.07	450.97	227.83	61.47	3.43	0
75.2	0	31.2	137.68	341.16	539.8	638.52	604.64	451.44	227.16	60.44	3.36	0
75.3	0	30.55	136.77	340.99	540.45	639.03	605.21	451.91	226.49	59.41	3.29	0
75.4	0	29.9	135.86	340.82	541.1	639.54	605.78	452.38	225.82	58.38	3.22	0
75.5	0	29.25	134.95	340.65	541.75	640.05	606.35	452.85	225.15	57.35	3.15	0
75.6	0	28.6	134.04	340.48	542.4	640.56	606.92	453.32	224.48	56.32	3.08	0
75.7	0	27.95	133.13	340.31	543.05	641.07	607.49	453.79	223.81	55.29	3.01	0
75.8	0	27.3	132.22	340.14	543.7	641.58	608.06	454.26	223.14	54.26	2.94	0
75.9	0	26.65	131.31	339.97	544.35	642.09	608.63	454.73	222.47	53.23	2.87	0
76	0	26	130.4	339.8	545	642.6	609.2	455.2	221.8	52.2	2.8	0
76.1	0	25.35	129.49	339.63	545.65	643.11	609.77	455.67	221.13	51.17	2.73	0
76.2	0	24.7	128.58	339.46	546.3	643.62	610.34	456.14	220.46	50.14	2.66	0
76.3	0	24.05	127.67	339.29	546.95	644.13	610.91	456.61	219.79	49.11	2.59	0
76.4	0	23.4	126.76	339.12	547.6	644.64	611.48	457.08	219.12	48.08	2.52	0
76.5	0	22.75	125.85	338.95	548.25	645.15	612.05	457.55	218.45	47.05	2.45	0
76.6	0	22.1	124.94	338.78	548.9	645.66	612.62	458.02	217.78	46.02	2.38	0
76.7	0	21.45	124.03	338.61	549.55	646.17	613.19	458.49	217.11	44.99	2.31	0
76.8	0	20.8	123.12	338.44	550.2	646.68	613.76	458.96	216.44	43.96	2.24	0
76.9	0	20.15	122.21	338.27	550.85	647.19	614.33	459.43	215.77	42.93	2.17	0
77	0	19.5	121.3	338.1	551.5	647.7	614.9	459.9	215.1	41.9	2.1	0
77.1	0	18.85	120.39	337.93	552.15	648.21	615.47	460.37	214.43	40.87	2.03	0
77.2	0	18.2	119.48	337.76	552.8	648.72	616.04	460.84	213.76	39.84	1.96	0
77.3	0	17.55	118.57	337.59	553.45	649.23	616.61	461.31	213.09	38.81	1.89	0
77.4	0	16.9	117.66	337.42	554.1	649.74	617.18	461.78	212.42	37.78	1.82	0
77.5	0	16.25	116.75	337.25	554.75	650.25	617.75	462.25	211.75	36.75	1.75	0
77.6	0	15.6	115.84	337.08	555.4	650.76	618.32	462.72	211.08	35.72	1.68	0
77.7	0	14.95	114.93	336.91	556.05	651.27	618.89	463.19	210.41	34.69	1.61	0
77.8	0	14.3	114.02	336.74	556.7	651.78	619.46	463.66	209.74	33.66	1.54	0
77.9	0	13.65	113.11	336.57	557.35	652.29	620.03	464.13	209.07	32.63	1.47	0
78	0	13	112.2	336.4	558	652.8	620.6	464.6	208.4	31.6	1.4	0
78.1	0	12.35	111.29	336.23	558.65	653.31	621.17	465.07	207.73	30.57	1.33	0
78.2	0	11.7	110.38	336.06	559.3	653.82	621.74	465.54	207.06	29.54	1.26	0
78.3	0	11.05	109.47	335.89	559.95	654.33	622.31	466.01	206.39	28.51	1.19	0
78.4	0	10.4	108.56	335.72	560.6	654.84	622.88	466.48	205.72	27.48	1.12	0
78.5	0	9.75	107.65	335.55	561.25	655.35	623.45	466.95	205.05	26.45	1.05	0
78.6	0	9.1	106.74	335.38	561.9	655.86	624.02	467.42	204.38	25.42	0.98	0
78.7	0	8.45	105.83	335.21	562.55	656.37	624.59	467.89	203.71	24.39	0.91	0
78.8	0	7.8	104.92	335.04	563.2	656.88	625.16	468.36	203.04	23.36	0.84	0
78.9	0	7.15	104.01	334.87	563.85	657.39	625.73	468.83	202.37	22.33	0.77	0
79	0	6.5	103.1	334.7	564.5	657.9	626.3	469.3	201.7	21.3	0.7	0
79.1	0	5.85	102.19	334.53	565.15	658.41	626.87	469.77	201.03	20.27	0.63	0
79.2	0	5.2	101.28	334.36	565.8	658.92	627.44	470.24	200.36	19.24	0.56	0
79.3	0	4.55	100.37	334.19	566.45	659.43	628.01	470.71	199.69	18.21	0.49	0
79.4	0	3.9	99.46	334.02	567.1	659.94	628.58	471.18	199.02	17.18	0.42	0
79.5	0	3.25	98.55	333.85	567.75	660.45	629.15	471.65	198.35	16.15	0.35	0
79.6	0	2.6	97.64	333.68	568.4	660.96	629.72	472.12	197.68	15.12	0.28	0
79.7	0	1.95	96.73	333.51	569.05	661.47	630.29	472.59	197.01	14.09	0.21	0
79.8	0	1.3	95.82	333.34	569.7	661.98	630.86	473.06	196.34	13.06	0.14	0
79.9	0	0.65	94.91	333.17	570.35	662.49	631.43	473.53	195.67	12.03	0.07	0
80	0	0	94	333	571	663	632	474	195	11	0	0
80.1	0	0	93.06	333.38	571.17	663.14	632.14	474.23	194.72	10.89	0	0
80.2	0	0	92.12	333.76	571.34	663.28	632.28	474.46	194.44	10.78	0	0
80.3	0	0	91.18	334.14	571.51	663.42	632.42	474.69	194.16	10.67	0	0
80.4	0	0	90.24	334.52	571.68	663.56	632.56	474.92	193.88	10.56	0	0
80.5	0	0	89.3	334.9	571.85	663.7	632.7	475.15	193.6	10.45	0	0
80.6	0	0	88.36	335.28	572.02	663.84	632.84	475.38	193.32	10.34	0	0
80.7	0	0	87.42	335.66	572.19	663.98	632.98	475.61	193.04	10.23	0	0
80.8	0	0	86.48	336.04	572.36	664.12	633.12	475.84	192.76	10.12	0	0
80.9	0	0	85.54	336.42	572.53	664.26	633.26	476.07	192.48	10.01	0	0
81	0	0	84.6	336.8	572.7	664.4	633.4	476.3	192.2	9.9	0	0
81.1	0	0	83.66	337.18	572.87	664.54	633.54	476.53	191.92	9.79	0	0
81.2	0	0	82.72	337.56	573.04	664.68	633.68	476.76	191.64	9.68	0	0
81.3	0	0	81.78	337.94	573.21	664.82	633.82	476.99	191.36	9.57	0	0
81.4	0	0	80.84	338.32	573.38	664.96	633.96	477.22	191.08	9.46	0	0
81.5	0	0	79.9	338.7	573.55	665.1	634.1	477.45	190.8	9.35	0	0
81.6	0	0	78.96	339.08	573.72	665.24	634.24	477.68	190.52	9.24	0	0
81.7	0	0	78.02	339.46	573.89	665.38	634.38	477.91	190.24	9.13	0	0
81.8	0	0	77.08	339.84	574.06	665.52	634.52	478.14	189.96	9.02	0	0
81.9	0	0	76.14	340.22	574.23	665.66	634.66	478.37	189.68	8.91	0	0
82	0	0	75.2	340.6	574.4	665.8	634.8	478.6	189.4	8.8	0	0
82.1	0	0	74.26	340.98	574.57	665.94	634.94	478.83	189.12	8.69	0	0
82.2	0	0	73.32	341.36	574.74	666.08	635.08	479.06	188.84	8.58	0	0
82.3	0	0	72.38	341.74	574.91	666.22	635.22	479.29	188.56	8.47	0	0
82.4	0	0	71.44	342.12	575.08	666.36	635.36	479.52	188.28	8.36	0	0
82.5	0	0	70.5	342.5	575.25	666.5	635.5	479.75	188	8.25	0	0
82.6	0	0	69.56	342.88	575.42	666.64	635.64	479.98	187.72	8.14	0	0
82.7	0	0	68.62	343.26	575.59	666.78	635.78	480.21	187.44	8.03	0	0
82.8	0	0	67.68	343.64	575.76	666.92	635.92	480.44	187.16	7.92	0	0
82.9	0	0	66.74	344.02	575.93	667.06	636.06	480.67	186.88	7.81	0	0
83	0	0	65.8	344.4	576.1	667.2	636.2	480.9	186.6	7.7	0	0
83.1	0	0	64.86	344.78	576.27	667.34	636.34	481.13	186.32	7.59	0	0
83.2	0	0	63.92	345.16	576.44	667.48	636.48	481.36	186.04	7.48	0	0
83.3	0	0	62.98	345.54	576.61	667.62	636.62	481.59	185.76	7.37	0	0
83.4	0	0	62.04	345.92	576.78	667.76	636.76	481.82	185.48	7.26	0	0
83.5	0	0	61.1	346.3	576.95	667.9	636.9	482.05	185.2	7.15	0	0
83.6	0	0	60.16	346.68	577.12	668.04	637.04	482.28	184.92	7.04	0	0
83.7	0	0	59.22	347.06	577.29	668.18	637.18	482.51	184.64	6.93	0	0
83.8	0	0	58.28	347.44	577.46	668.32	637.32	482.74	184.36	6.82	0	0
83.9	0	0	57.34	347.82	577.63	668.46	637.46	482.97	184.08	6.71	0	0
84	0	0	56.4	348.2	577.8	668.6	637.6	483.2	183.8	6.6	0	0
84.1	0	0	55.46	348.58	577.97	668.74	637.74	483.43	183.52	6.49	0	0
84.2	0	0	54.52	348.96	578.14	668.88	637.88	483.66	183.24	6.38	0	0
84.3	0	0	53.58	349.34	578.31	669.02	638.02	483.89	182.96	6.27	0	0
84.4	0	0	52.64	349.72	578.48	669.16	638.16	484.12	182.68	6.16	0	0
84.5	0	0	51.7	350.1	578.65	669.3	638.3	484.35	182.4	6.05	0	0
84.6	0	0	50.76	350.48	578.82	669.44	638.44	484.58	182.12	5.94	0	0
84.7	0	0	49.82	350.86	578.99	669.58	638.58	484.81	181.84	5.83	0	0
84.8	0	0	48.88	351.24	579.16	669.72	638.72	485.04	181.56	5.72	0	0
84.9	0	0	47.94	351.62	579.33	669.86	638.86	485.27	181.28	5.61	0	0
85	0	0	47	352	579.5	670	639	485.5	181	5.5	0	0
85.1	0	0	46.06	352.38	579.67	670.14	639.14	485.73	180.72	5.39	0	0
85.2	0	0	45.12	352.76	579.84	670.28	639.28	485.96	180.44	5.28	0	0
85.3	0	0	44.18	353.14	580.01	670.42	639.42	486.19	180.16	5.17	0	0
85.4	0	0	43.24	353.52	580.18	670.56	639.56	486.42	179.88	5.06	0	0
85.5	0	0	42.3	353.9	580.35	670.7	639.7	486.65	179.6	4.95	0	0
85.6	0	0	41.36	354.28	580.52	670.84	639.84	486.88	179.32	4.84	0	0
85.7	0	0	40.42	354.66	580.69	670.98	639.98	487.11	179.04	4.73	0	0
85.8	0	0	39.48	355.04	580.86	671.12	640.12	487.34	178.76	4.62	0	0
85.9	0	0	38.54	355.42	581.03	671.26	640.26	487.57	178.48	4.51	0	0
86	0	0	37.6	355.8	581.2	671.4	640.4	487.8	178.2	4.4	0	0
86.1	0	0	36.66	356.18	581.37	671.54	640.54	488.03	177.92	4.29	0	0
86.2	0	0	35.72	356.56	581.54	671.68	640.68	488.26	177.64	4.18	0	0
86.3	0	0	34.78	356.94	581.71	671.82	640.82	488.49	177.36	4.07	0	0
86.4	0	0	33.84	357.32	581.88	671.96	640.96	488.72	177.08	3.96	0	0
86.5	0	0	32.9	357.7	582.05	672.1	641.1	488.95	176.8	3.85	0	0
86.6	0	0	31.96	358.08	582.22	672.24	641.24	489.18	176.52	3.74	0	0
86.7	0	0	31.02	358.46	582.39	672.38	641.38	489.41	176.24	3.63	0	0
86.8	0	0	30.08	358.84	582.56	672.52	641.52	489.64	175.96	3.52	0	0
86.9	0	0	29.14	359.22	582.73	672.66	641.66	489.87	175.68	3.41	0	0
87	0	0	28.2	359.6	582.9	672.8	641.8	490.1	175.4	3.3	0	0
87.1	0	0	27.26	359.98	583.07	672.94	641.94	490.33	175.12	3.19	0	0
87.2	0	0	26.32	360.36	583.24	673.08	642.08	490.56	174.84	3.08	0	0
87.3	0	0	25.38	360.74	583.41	673.22	642.22	490.79	174.56	2.97	0	0
87.4	0	0	24.44	361.12	583.58	673.36	642.36	491.02	174.28	2.86	0	0
87.5	0	0	23.5	361.5	583.75	673.5	642.5	491.25	174	2.75	0	0
87.6	0	0	22.56	361.88	583.92	673.64	642.64	491.48	173.72	2.64	0	0
87.7	0	0	21.62	362.26	584.09	673.78	642.78	491.71	173.44	2.53	0	0
87.8	0	0	20.68	362.64	584.26	673.92	642.92	491.94	173.16	2.42	0	0
87.9	0	0	19.74	363.02	584.43	674.06	643.06	492.17	172.88	2.31	0	0
88	0	0	18.8	363.4	584.6	674.2	643.2	492.4	172.6	2.2	0	0
88.1	0	0	17.86	363.78	584.77	674.34	643.34	492.63	172.32	2.09	0	0
88.2	0	0	16.92	364.16	584.94	674.48	643.48	492.86	172.04	1.98	0	0
88.3	0	0	15.98	364.54	585.11	674.62	643.62	493.09	171.76	1.87	0	0
88.4	0	0	15.04	364.92	585.28	674.76	643.76	493.32	171.48	1.76	0	0
88.5	0	0	14.1	365.3	585.45	674.9	643.9	493.55	171.2	1.65	0	0
88.6	0	0	13.16	365.68	585.62	675.04	644.04	493.78	170.92	1.54	0	0
88.7	0	0	12.22	366.06	585.79	675.18	644.18	494.01	170.64	1.43	0	0
88.8	0	0	11.28	366.44	585.96	675.32	644.32	494.24	170.36	1.32	0	0
88.9	0	0	10.34	366.82	586.13	675.46	644.46	494.47	170.08	1.21	0	0
89	0	0	9.4	367.2	586.3	675.6	644.6	494.7	169.8	1.1	0	0
89.1	0	0	8.46	367.58	586.47	675.74	644.74	494.93	169.52	0.99	0	0
89.2	0	0	7.52	367.96	586.64	675.88	644.88	495.16	169.24	0.88	0	0
89.3	0	0	6.58	368.34	586.81	676.02	645.02	495.39	168.96	0.77	0	0
89.4	0	0	5.64	368.72	586.98	676.16	645.16	495.62	168.68	0.66	0	0
89.5	0	0	4.7	369.1	587.15	676.3	645.3	495.85	168.4	0.55	0	0
89.6	0	0	3.76	369.48	587.32	676.44	645.44	496.08	168.12	0.44	0	0
89.7	0	0	2.82	369.86	587.49	676.58	645.58	496.31	167.84	0.33	0	0
89.8	0	0	1.88	370.24	587.66	676.72	645.72	496.54	167.56	0.22	0	0
89.9	0	0	0.94	370.62	587.83	676.86	645.86	496.77	167.28	0.11	0	0
