id	Jan	Feb	Mar	Apr	May	Jun	Jul	Aug	Sep	Oct	Nov	Dec
0	218	225	230	228	222	216	219	226	230	228	221	216
0.1	218.18	225.1	230	227.9	221.81	215.77	218.78	225.86	229.95	228.06	221.15	216.19
0.2	218.36	225.2	230	227.8	221.62	215.54	218.56	225.72	229.9	228.12	221.3	216.38
0.3	218.54	225.3	230	227.7	221.43	215.31	218.34	225.58	229.85	228.18	221.45	216.57
0.4	218.72	225.4	230	227.6	221.24	215.08	218.12	225.44	229.8	228.24	221.6	216.76
0.5	218.9	225.5	230	227.5	221.05	214.85	217.9	225.3	229.75	228.3	221.75	216.95
0.6	219.08	225.6	230	227.4	220.86	214.62	217.68	225.16	229.7	228.36	221.9	217.14
0.7	219.26	225.7	230	227.3	220.67	214.39	217.46	225.02	229.65	228.42	222.05	217.33
0.8	219.44	225.8	230	227.2	220.48	214.16	217.24	224.88	229.6	228.48	222.2	217.52
0.9	219.62	225.9	230	227.1	220.29	213.93	217.02	224.74	229.55	228.54	222.35	217.71
1	219.8	226	230	227	220.1	213.7	216.8	224.6	229.5	228.6	222.5	217.9
1.1	219.98	226.1	230	226.9	219.91	213.47	216.58	224.46	229.45	228.66	222.65	218.09
1.2	220.16	226.2	230	226.8	219.72	213.24	216.36	224.32	229.4	228.72	222.8	218.28
1.3	220.34	226.3	230	226.7	219.53	213.01	216.14	224.18	229.35	228.78	222.95	218.47
1.4	220.52	226.4	230	226.6	219.34	212.78	215.92	224.04	229.3	228.84	223.1	218.66
1.5	220.7	226.5	230	226.5	219.15	212.55	215.7	223.9	229.25	228.9	223.25	218.85
1.6	220.88	226.6	230	226.4	218.96	212.32	215.48	223.76	229.2	228.96	223.4	219.04
1.7	221.06	226.7	230	226.3	218.77	212.09	215.26	223.62	229.15	229.02	223.55	219.23
1.8	221.24	226.8	230	226.2	218.58	211.86	215.04	223.48	229.1	229.08	223.7	219.42
1.9	221.42	226.9	230	226.1	218.39	211.63	214.82	223.34	229.05	229.14	223.85	219.61
2	221.6	227	230	226	218.2	211.4	214.6	223.2	229	229.2	224	219.8
2.1	221.78	227.1	230	225.9	218.01	211.17	214.38	223.06	228.95	229.26	224.15	219.99
2.2	221.96	227.2	230	225.8	217.82	210.94	214.16	222.92	228.9	229.32	224.3	220.18
2.3	222.14	227.3	230	225.7	217.63	210.71	213.94	222.78	228.85	229.38	224.45	220.37
2.4	222.32	227.4	230	225.6	217.44	210.48	213.72	222.64	228.8	229.44	224.6	220.56
2.5	222.5	227.5	230	225.5	217.25	210.25	213.5	222.5	228.75	229.5	224.75	220.75
2.6	222.68	227.6	230	225.4	217.06	210.02	213.28	222.36	228.7	229.56	224.9	220.94
2.7	222.86	227.7	230	225.3	216.87	209.79	213.06	222.22	228.65	229.62	225.05	221.13
2.8	223.04	227.8	230	225.2	216.68	209.56	212.84	222.08	228.6	229.68	225.2	221.32
2.9	223.22	227.9	230	225.1	216.49	209.33	212.62	221.94	228.55	229.74	225.35	221.51
3	223.4	228	230	225	216.3	209.1	212.4	221.8	228.5	229.8	225.5	221.7
3.1	223.58	228.1	230	224.9	216.11	208.87	212.18	221.66	228.45	229.86	225.65	221.89
3.2	223.76	228.2	230	224.8	215.92	208.64	211.96	221.52	228.4	229.92	225.8	222.08
3.3	223.94	228.3	230	224.7	215.73	208.41	211.74	221.38	228.35	229.98	225.95	222.27
3.4	224.12	228.4	230	224.6	215.54	208.18	211.52	221.24	228.3	230.04	226.1	222.46
3.5	224.3	228.5	230	224.5	215.35	207.95	211.3	221.1	228.25	230.1	226.25	222.65
3.6	224.48	228.6	230	224.4	215.16	207.72	211.08	220.96	228.2	230.16	226.4	222.84
3.7	224.66	228.7	230	224.3	214.97	207.49	210.86	220.82	228.15	230.22	226.55	223.03
3.8	224.84	228.8	230	224.2	214.78	207.26	210.64	220.68	228.1	230.28	226.7	223.22
3.9	225.02	228.9	230	224.1	214.59	207.03	210.42	220.54	228.05	230.34	226.85	223.41
4	225.2	229	230	224	214.4	206.8	210.2	220.4	228	230.4	227	223.6
4.1	225.38	229.1	230	223.9	214.21	206.57	209.98	220.26	227.95	230.46	227.15	223.79
4.2	225.56	229.2	230	223.8	214.02	206.34	209.76	220.12	227.9	230.52	227.3	223.98
4.3	225.74	229.3	230	223.7	213.83	206.11	209.54	219.98	227.85	230.58	227.45	224.17
4.4	225.92	229.4	230	223.6	213.64	205.88	209.32	219.84	227.8	230.64	227.6	224.36
4.5	226.1	229.5	230	223.5	213.45	205.65	209.1	219.7	227.75	230.7	227.75	224.55
4.6	226.28	229.6	230	223.4	213.26	205.42	208.88	219.56	227.7	230.76	227.9	224.74
4.7	226.46	229.7	230	223.3	213.07	205.19	208.66	219.42	227.65	230.82	228.05	224.93
4.8	226.64	229.8	230	223.2	212.88	204.96	208.44	219.28	227.6	230.88	228.2	225.12
4.9	226.82	229.9	230	223.1	212.69	204.73	208.22	219.14	227.55	230.94	228.35	225.31
5	227	230	230	223	212.5	204.5	208	219	227.5	231	228.5	225.5
5.1	227.18	230.1	230	222.9	212.31	204.27	207.78	218.86	227.45	231.06	228.65	225.69
5.2	227.36	230.2	230	222.8	212.12	204.04	207.56	218.72	227.4	231.12	228.8	225.88
5.3	227.54	230.3	230	222.7	211.93	203.81	207.34	218.58	227.35	231.18	228.95	226.07
5.4	227.72	230.4	230	222.6	211.74	203.58	207.12	218.44	227.3	231.24	229.1	226.26
5.5	227.9	230.5	230	222.5	211.55	203.35	206.9	218.3	227.25	231.3	229.25	226.45
5.6	228.08	230.6	230	222.4	211.36	203.12	206.68	218.16	227.2	231.36	229.4	226.64
5.7	228.26	230.7	230	222.3	211.17	202.89	206.46	218.02	227.15	231.42	229.55	226.83
5.8	228.44	230.8	230	222.2	210.98	202.66	206.24	217.88	227.1	231.48	229.7	227.02
5.9	228.62	230.9	230	222.1	210.79	202.43	206.02	217.74	227.05	231.54	229.85	227.21
6	228.8	231	230	222	210.6	202.2	205.8	217.6	227	231.6	230	227.4
6.1	228.98	231.1	230	221.9	210.41	201.97	205.58	217.46	226.95	231.66	230.15	227.59
6.2	229.16	231.2	230	221.8	210.22	201.74	205.36	217.32	226.9	231.72	230.3	227.78
6.3	229.34	231.3	230	221.7	210.03	201.51	205.14	217.18	226.85	231.78	230.45	227.97
6.4	229.52	231.4	230	221.6	209.84	201.28	204.92	217.04	226.8	231.84	230.6	228.16
6.5	229.7	231.5	230	221.5	209.65	201.05	204.7	216.9	226.75	231.9	230.75	228.35
6.6	229.88	231.6	230	221.4	209.46	200.82	204.48	216.76	226.7	231.96	230.9	228.54
6.7	230.06	231.7	230	221.3	209.27	200.59	204.26	216.62	226.65	232.02	231.05	228.73
6.8	230.24	231.8	230	221.2	209.08	200.36	204.04	216.48	226.6	232.08	231.2	228.92
6.9	230.42	231.9	230	221.1	208.89	200.13	203.82	216.34	226.55	232.14	231.35	229.11
7	230.6	232	230	221	208.7	199.9	203.6	216.2	226.5	232.2	231.5	229.3
7.1	230.78	232.1	230	220.9	208.51	199.67	203.38	216.06	226.45	232.26	231.65	229.49
7.2	230.96	232.2	230	220.8	208.32	199.44	203.16	215.92	226.4	232.32	231.8	229.68
7.3	231.14	232.3	230	220.7	208.13	199.21	202.94	215.78	226.35	232.38	231.95	229.87
7.4	231.32	232.4	230	220.6	207.94	198.98	202.72	215.64	226.3	232.44	232.1	230.06
7.5	231.5	232.5	230	220.5	207.75	198.75	202.5	215.5	226.25	232.5	232.25	230.25
7.6	231.68	232.6	230	220.4	207.56	198.52	202.28	215.36	226.2	232.56	232.4	230.44
7.7	231.86	232.7	230	220.3	207.37	198.29	202.06	215.22	226.15	232.62	232.55	230.63
7.8	232.04	232.8	230	220.2	207.18	198.06	201.84	215.08	226.1	232.68	232.7	230.82
7.9	232.22	232.9	230	220.1	206.99	197.83	201.62	214.94	226.05	232.74	232.85	231.01
8	232.4	233	230	220	206.8	197.6	201.4	214.8	226	232.8	233	231.2
8.1	232.58	233.1	230	219.9	206.61	197.37	201.18	214.66	225.95	232.86	233.15	231.39
8.2	232.76	233.2	230	219.8	206.42	197.14	200.96	214.52	225.9	232.92	233.3	231.58
8.3	232.94	233.3	230	219.7	206.23	196.91	200.74	214.38	225.85	232.98	233.45	231.77
8.4	233.12	233.4	230	219.6	206.04	196.68	200.52	214.24	225.8	233.04	233.6	231.96
8.5	233.3	233.5	230	219.5	205.85	196.45	200.3	214.1	225.75	233.1	233.75	232.15
8.6	233.48	233.6	230	219.4	205.66	196.22	200.08	213.96	225.7	233.16	233.9	232.34
8.7	233.66	233.7	230	219.3	205.47	195.99	199.86	213.82	225.65	233.22	234.05	232.53
8.8	233.84	233.8	230	219.2	205.28	195.76	199.64	213.68	225.6	233.28	234.2	232.72
8.9	234.02	233.9	230	219.1	205.09	195.53	199.42	213.54	225.55	233.34	234.35	232.91
9	234.2	234	230	219	204.9	195.3	199.2	213.4	225.5	233.4	234.5	233.1
9.1	234.38	234.1	230	218.9	204.71	195.07	198.98	213.26	225.45	233.46	234.65	233.29
9.2	234.56	234.2	230	218.8	204.52	194.84	198.76	213.12	225.4	233.52	234.8	233.48
9.3	234.74	234.3	230	218.7	204.33	194.61	198.54	212.98	225.35	233.58	234.95	233.67
9.4	234.92	234.4	230	218.6	204.14	194.38	198.32	212.84	225.3	233.64	235.1	233.86
9.5	235.1	234.5	230	218.5	203.95	194.15	198.1	212.7	225.25	233.7	235.25	234.05
9.6	235.28	234.6	230	218.4	203.76	193.92	197.88	212.56	225.2	233.76	235.4	234.24
9.7	235.46	234.7	230	218.3	203.57	193.69	197.66	212.42	225.15	233.82	235.55	234.43
9.8	235.64	234.8	230	218.2	203.38	193.46	197.44	212.28	225.1	233.88	235.7	234.62
9.9	235.82	234.9	230	218.1	203.19	193.23	197.22	212.14	225.05	233.94	235.85	234.81
10	236	235	230	218	203	193	197	212	225	234	236	235
10.1	236.13	235.07	229.96	217.85	202.75	192.71	196.73	211.81	224.9	234.01	236.1	235.15
10.2	236.26	235.14	229.92	217.7	202.5	192.42	196.46	211.62	224.8	234.02	236.2	235.3
10.3	236.39	235.21	229.88	217.55	202.25	192.13	196.19	211.43	224.7	234.03	236.3	235.45
10.4	236.52	235.28	229.84	217.4	202	191.84	195.92	211.24	224.6	234.04	236.4	235.6
10.5	236.65	235.35	229.8	217.25	201.75	191.55	195.65	211.05	224.5	234.05	236.5	235.75
10.6	236.78	235.42	229.76	217.1	201.5	191.26	195.38	210.86	224.4	234.06	236.6	235.9
10.7	236.91	235.49	229.72	216.95	201.25	190.97	195.11	210.67	224.3	234.07	236.7	236.05
10.8	237.04	235.56	229.68	216.8	201	190.68	194.84	210.48	224.2	234.08	236.8	236.2
10.9	237.17	235.63	229.64	216.65	200.75	190.39	194.57	210.29	224.1	234.09	236.9	236.35
11	237.3	235.7	229.6	216.5	200.5	190.1	194.3	210.1	224	234.1	237	236.5
11.1	237.43	235.77	229.56	216.35	200.25	189.81	194.03	209.91	223.9	234.11	237.1	236.65
11.2	237.56	235.84	229.52	216.2	200	189.52	193.76	209.72	223.8	234.12	237.2	236.8
11.3	237.69	235.91	229.48	216.05	199.75	189.23	193.49	209.53	223.7	234.13	237.3	236.95
11.4	237.82	235.98	229.44	215.9	199.5	188.94	193.22	209.34	223.6	234.14	237.4	237.1
11.5	237.95	236.05	229.4	215.75	199.25	188.65	192.95	209.15	223.5	234.15	237.5	237.25
11.6	238.08	236.12	229.36	215.6	199	188.36	192.68	208.96	223.4	234.16	237.6	237.4
11.7	238.21	236.19	229.32	215.45	198.75	188.07	192.41	208.77	223.3	234.17	237.7	237.55
11.8	238.34	236.26	229.28	215.3	198.5	187.78	192.14	208.58	223.2	234.18	237.8	237.7
11.9	238.47	236.33	229.24	215.15	198.25	187.49	191.87	208.39	223.1	234.19	237.9	237.85
12	238.6	236.4	229.2	215	198	187.2	191.6	208.2	223	234.2	238	238
12.1	238.73	236.47	229.16	214.85	197.75	186.91	191.33	208.01	222.9	234.21	238.1	238.15
12.2	238.86	236.54	229.12	214.7	197.5	186.62	191.06	207.82	222.8	234.22	238.2	238.3
12.3	238.99	236.61	229.08	214.55	197.25	186.33	190.79	207.63	222.7	234.23	238.3	238.45
12.4	239.12	236.68	229.04	214.4	197	186.04	190.52	207.44	222.6	234.24	238.4	238.6
12.5	239.25	236.75	229	214.25	196.75	185.75	190.25	207.25	222.5	234.25	238.5	238.75
12.6	239.38	236.82	228.96	214.1	196.5	185.46	189.98	207.06	222.4	234.26	238.6	238.9
12.7	239.51	236.89	228.92	213.95	196.25	185.17	189.71	206.87	222.3	234.27	238.7	239.05
12.8	239.64	236.96	228.88	213.8	196	184.88	189.44	206.68	222.2	234.28	238.8	239.2
12.9	239.77	237.03	228.84	213.65	195.75	184.59	189.17	206.49	222.1	234.29	238.9	239.35
13	239.9	237.1	228.8	213.5	195.5	184.3	188.9	206.3	222	234.3	239	239.5
13.1	240.03	237.17	228.76	213.35	195.25	184.01	188.63	206.11	221.9	234.31	239.1	239.65
13.2	240.16	237.24	228.72	213.2	195	183.72	188.36	205.92	221.8	234.32	239.2	239.8
13.3	240.29	237.31	228.68	213.05	194.75	183.43	188.09	205.73	221.7	234.33	239.3	239.95
13.4	240.42	237.38	228.64	212.9	194.5	183.14	187.82	205.54	221.6	234.34	239.4	240.1
13.5	240.55	237.45	228.6	212.75	194.25	182.85	187.55	205.35	221.5	234.35	239.5	240.25
13.6	240.68	237.52	228.56	212.6	194	182.56	187.28	205.16	221.4	234.36	239.6	240.4
13.7	240.81	237.59	228.52	212.45	193.75	182.27	187.01	204.97	221.3	234.37	239.7	240.55
13.8	240.94	237.66	228.48	212.3	193.5	181.98	186.74	204.78	221.2	234.38	239.8	240.7
13.9	241.07	237.73	228.44	212.15	193.25	181.69	186.47	204.59	221.1	234.39	239.9	240.85
14	241.2	237.8	228.4	212	193	181.4	186.2	204.4	221	234.4	240	241
14.1	241.33	237.87	228.36	211.85	192.75	181.11	185.93	204.21	220.9	234.41	240.1	241.15
14.2	241.46	237.94	228.32	211.7	192.5	180.82	185.66	204.02	220.8	234.42	240.2	241.3
14.3	241.59	238.01	228.28	211.55	192.25	180.53	185.39	203.83	220.7	234.43	240.3	241.45
14.4	241.72	238.08	228.24	211.4	192	180.24	185.12	203.64	220.6	234.44	240.4	241.6
14.5	241.85	238.15	228.2	211.25	191.75	179.95	184.85	203.45	220.5	234.45	240.5	241.75
14.6	241.98	238.22	228.16	211.1	191.5	179.66	184.58	203.26	220.4	234.46	240.6	241.9
14.7	242.11	238.29	228.12	210.95	191.25	179.37	184.31	203.07	220.3	234.47	240.7	242.05
14.8	242.24	238.36	228.08	210.8	191	179.08	184.04	202.88	220.2	234.48	240.8	242.2
14.9	242.37	238.43	228.04	210.65	190.75	178.79	183.77	202.69	220.1	234.49	240.9	242.35
15	242.5	238.5	228	210.5	190.5	178.5	183.5	202.5	220	234.5	241	242.5
15.1	242.63	238.57	227.96	210.35	190.25	178.21	183.23	202.31	219.9	234.51	241.1	242.65
15.2	242.76	238.64	227.92	210.2	190	177.92	182.96	202.12	219.8	234.52	241.2	242.8
15.3	242.89	238.71	227.88	210.05	189.75	177.63	182.69	201.93	219.7	234.53	241.3	242.95
15.4	243.02	238.78	227.84	209.9	189.5	177.34	182.42	201.74	219.6	234.54	241.4	243.1
15.5	243.15	238.85	227.8	209.75	189.25	177.05	182.15	201.55	219.5	234.55	241.5	243.25
15.6	243.28	238.92	227.76	209.6	189	176.76	181.88	201.36	219.4	234.56	241.6	243.4
15.7	243.41	238.99	227.72	209.45	188.75	176.47	181.61	201.17	219.3	234.57	241.7	243.55
15.8	243.54	239.06	227.68	209.3	188.5	176.18	181.34	200.98	219.2	234.58	241.8	243.7
15.9	243.67	239.13	227.64	209.15	188.25	175.89	181.07	200.79	219.1	234.59	241.9	243.85
16	243.8	239.2	227.6	209	188	175.6	180.8	200.6	219	234.6	242	244
16.1	243.93	239.27	227.56	208.85	187.75	175.31	180.53	200.41	218.9	234.61	242.1	244.15
16.2	244.06	239.34	227.52	208.7	187.5	175.02	180.26	200.22	218.8	234.62	242.2	244.3
16.3	244.19	239.41	227.48	208.55	187.25	174.73	179.99	200.03	218.7	234.63	242.3	244.45
16.4	244.32	239.48	227.44	208.4	187	174.44	179.72	199.84	218.6	234.64	242.4	244.6
16.5	244.45	239.55	227.4	208.25	186.75	174.15	179.45	199.65	218.5	234.65	242.5	244.75
16.6	244.58	239.62	227.36	208.1	186.5	173.86	179.18	199.46	218.4	234.66	242.6	244.9
16.7	244.71	239.69	227.32	207.95	186.25	173.57	178.91	199.27	218.3	234.67	242.7	245.05
16.8	244.84	239.76	227.28	207.8	186	173.28	178.64	199.08	218.2	234.68	242.8	245.2
16.9	244.97	239.83	227.24	207.65	185.75	172.99	178.37	198.89	218.1	234.69	242.9	245.35
17	245.1	239.9	227.2	207.5	185.5	172.7	178.1	198.7	218	234.7	243	245.5
17.1	245.23	239.97	227.16	207.35	185.25	172.41	177.83	198.51	217.9	234.71	243.1	245.65
17.2	245.36	240.04	227.12	207.2	185	172.12	177.56	198.32	217.8	234.72	243.2	245.8
17.3	245.49	240.11	227.08	207.05	184.75	171.83	177.29	198.13	217.7	234.73	243.3	245.95
17.4	245.62	240.18	227.04	206.9	184.5	171.54	177.02	197.94	217.6	234.74	243.4	246.1
17.5	245.75	240.25	227	206.75	184.25	171.25	176.75	197.75	217.5	234.75	243.5	246.25
17.6	245.88	240.32	226.96	206.6	184	170.96	176.48	197.56	217.4	234.76	243.6	246.4
17.7	246.01	240.39	226.92	206.45	183.75	170.67	176.21	197.37	217.3	234.77	243.7	246.55
17.8	246.14	240.46	226.88	206.3	183.5	170.38	175.94	197.18	217.2	234.78	243.8	246.7
17.9	246.27	240.53	226.84	206.15	183.25	170.09	175.67	196.99	217.1	234.79	243.9	246.85
18	246.4	240.6	226.8	206	183	169.8	175.4	196.8	217	234.8	244	247
18.1	246.53	240.67	226.76	205.85	182.75	169.51	175.13	196.61	216.9	234.81	244.1	247.15
18.2	246.66	240.74	226.72	205.7	182.5	169.22	174.86	196.42	216.8	234.82	244.2	247.3
18.3	246.79	240.81	226.68	205.55	182.25	168.93	174.59	196.23	216.7	234.83	244.3	247.45
18.4	246.92	240.88	226.64	205.4	182	168.64	174.32	196.04	216.6	234.84	244.4	247.6
18.5	247.05	240.95	226.6	205.25	181.75	168.35	174.05	195.85	216.5	234.85	244.5	247.75
18.6	247.18	241.02	226.56	205.1	181.5	168.06	173.78	195.66	216.4	234.86	244.6	247.9
18.7	247.31	241.09	226.52	204.95	181.25	167.77	173.51	195.47	216.3	234.87	244.7	248.05
18.8	247.44	241.16	226.48	204.8	181	167.48	173.24	195.28	216.2	234.88	244.8	248.2
18.9	247.57	241.23	226.44	204.65	180.75	167.19	172.97	195.09	216.1	234.89	244.9	248.35
19	247.7	241.3	226.4	204.5	180.5	166.9	172.7	194.9	216	234.9	245	248.5
19.1	247.83	241.37	226.36	204.35	180.25	166.61	172.43	194.71	215.9	234.91	245.1	248.65
19.2	247.96	241.44	226.32	204.2	180	166.32	172.16	194.52	215.8	234.92	245.2	248.8
19.3	248.09	241.51	226.28	204.05	179.75	166.03	171.89	194.33	215.7	234.93	245.3	248.95
19.4	248.22	241.58	226.24	203.9	179.5	165.74	171.62	194.14	215.6	234.94	245.4	249.1
19.5	248.35	241.65	226.2	203.75	179.25	165.45	171.35	193.95	215.5	234.95	245.5	249.25
19.6	248.48	241.72	226.16	203.6	179	165.16	171.08	193.76	215.4	234.96	245.6	249.4
19.7	248.61	241.79	226.12	203.45	178.75	164.87	170.81	193.57	215.3	234.97	245.7	249.55
19.8	248.74	241.86	226.08	203.3	178.5	164.58	170.54	193.38	215.2	234.98	245.8	249.7
19.9	248.87	241.93	226.04	203.15	178.25	164.29	170.27	193.19	215.1	234.99	245.9	249.85
20	249	242	226	203	178	164	170	193	215	235	246	250
20.1	249.09	242.01	225.9	202.79	177.7	163.66	169.67	192.75	214.85	234.97	246.05	250.11
20.2	249.18	242.02	225.8	202.58	177.4	163.32	169.34	192.5	214.7	234.94	246.1	250.22
20.3	249.27	242.03	225.7	202.37	177.1	162.98	169.01	192.25	214.55	234.91	246.15	250.33
20.4	249.36	242.04	225.6	202.16	176.8	162.64	168.68	192	214.4	234.88	246.2	250.44
20.5	249.45	242.05	225.5	201.95	176.5	162.3	168.35	191.75	214.25	234.85	246.25	250.55
20.6	249.54	242.06	225.4	201.74	176.2	161.96	168.02	191.5	214.1	234.82	246.3	250.66
20.7	249.63	242.07	225.3	201.53	175.9	161.62	167.69	191.25	213.95	234.79	246.35	250.77
20.8	249.72	242.08	225.2	201.32	175.6	161.28	167.36	191	213.8	234.76	246.4	250.88
20.9	249.81	242.09	225.1	201.11	175.3	160.94	167.03	190.75	213.65	234.73	246.45	250.99
21	249.9	242.1	225	200.9	175	160.6	166.7	190.5	213.5	234.7	246.5	251.1
21.1	249.99	242.11	224.9	200.69	174.7	160.26	166.37	190.25	213.35	234.67	246.55	251.21
21.2	250.08	242.12	224.8	200.48	174.4	159.92	166.04	190	213.2	234.64	246.6	251.32
21.3	250.17	242.13	224.7	200.27	174.1	159.58	165.71	189.75	213.05	234.61	246.65	251.43
21.4	250.26	242.14	224.6	200.06	173.8	159.24	165.38	189.5	212.9	234.58	246.7	251.54
21.5	250.35	242.15	224.5	199.85	173.5	158.9	165.05	189.25	212.75	234.55	246.75	251.65
21.6	250.44	242.16	224.4	199.64	173.2	158.56	164.72	189	212.6	234.52	246.8	251.76
21.7	250.53	242.17	224.3	199.43	172.9	158.22	164.39	188.75	212.45	234.49	246.85	251.87
21.8	250.62	242.18	224.2	199.22	172.6	157.88	164.06	188.5	212.3	234.46	246.9	251.98
21.9	250.71	242.19	224.1	199.01	172.3	157.54	163.73	188.25	212.15	234.43	246.95	252.09
22	250.8	242.2	224	198.8	172	157.2	163.4	188	212	234.4	247	252.2
22.1	250.89	242.21	223.9	198.59	171.7	156.86	163.07	187.75	211.85	234.37	247.05	252.31
22.2	250.98	242.22	223.8	198.38	171.4	156.52	162.74	187.5	211.7	234.34	247.1	252.42
22.3	251.07	242.23	223.7	198.17	171.1	156.18	162.41	187.25	211.55	234.31	247.15	252.53
22.4	251.16	242.24	223.6	197.96	170.8	155.84	162.08	187	211.4	234.28	247.2	252.64
22.5	251.25	242.25	223.5	197.75	170.5	155.5	161.75	186.75	211.25	234.25	247.25	252.75
22.6	251.34	242.26	223.4	197.54	170.2	155.16	161.42	186.5	211.1	234.22	247.3	252.86
22.7	251.43	242.27	223.3	197.33	169.9	154.82	161.09	186.25	210.95	234.19	247.35	252.97
22.8	251.52	242.28	223.2	197.12	169.6	154.48	160.76	186	210.8	234.16	247.4	253.08
22.9	251.61	242.29	223.1	196.91	169.3	154.14	160.43	185.75	210.65	234.13	247.45	253.19
23	251.7	242.3	223	196.7	169	153.8	160.1	185.5	210.5	234.1	247.5	253.3
23.1	251.79	242.31	222.9	196.49	168.7	153.46	159.77	185.25	210.35	234.07	247.55	253.41
23.2	251.88	242.32	222.8	196.28	168.4	153.12	159.44	185	210.2	234.04	247.6	253.52
23.3	251.97	242.33	222.7	196.07	168.1	152.78	159.11	184.75	210.05	234.01	247.65	253.63
23.4	252.06	242.34	222.6	195.86	167.8	152.44	158.78	184.5	209.9	233.98	247.7	253.74
23.5	252.15	242.35	222.5	195.65	167.5	152.1	158.45	184.25	209.75	233.95	247.75	253.85
23.6	252.24	242.36	222.4	195.44	167.2	151.76	158.12	184	209.6	233.92	247.8	253.96
23.7	252.33	242.37	222.3	195.23	166.9	151.42	157.79	183.75	209.45	233.89	247.85	254.07
23.8	252.42	242.38	222.2	195.02	166.6	151.08	157.46	183.5	209.3	233.86	247.9	254.18
23.9	252.51	242.39	222.1	194.81	166.3	150.74	157.13	183.25	209.15	233.83	247.95	254.29
24	252.6	242.4	222	194.6	166	150.4	156.8	183	209	233.8	248	254.4
24.1	252.69	242.41	221.9	194.39	165.7	150.06	156.47	182.75	208.85	233.77	248.05	254.51
24.2	252.78	242.42	221.8	194.18	165.4	149.72	156.14	182.5	208.7	233.74	248.1	254.62
24.3	252.87	242.43	221.7	193.97	165.1	149.38	155.81	182.25	208.55	233.71	248.15	254.73
24.4	252.96	242.44	221.6	193.76	164.8	149.04	155.48	182	208.4	233.68	248.2	254.84
24.5	253.05	242.45	221.5	193.55	164.5	148.7	155.15	181.75	208.25	233.65	248.25	254.95
24.6	253.14	242.46	221.4	193.34	164.2	148.36	154.82	181.5	208.1	233.62	248.3	255.06
24.7	253.23	242.47	221.3	193.13	163.9	148.02	154.49	181.25	207.95	233.59	248.35	255.17
24.8	253.32	242.48	221.2	192.92	163.6	147.68	154.16	181	207.8	233.56	248.4	255.28
24.9	253.41	242.49	221.1	192.71	163.3	147.34	153.83	180.75	207.65	233.53	248.45	255.39
25	253.5	242.5	221	192.5	163	147	153.5	180.5	207.5	233.5	248.5	255.5
25.1	253.59	242.51	220.9	192.29	162.7	146.66	153.17	180.25	207.35	233.47	248.55	255.61
25.2	253.68	242.52	220.8	192.08	162.4	146.32	152.84	180	207.2	233.44	248.6	255.72
25.3	253.77	242.53	220.7	191.87	162.1	145.98	152.51	179.75	207.05	233.41	248.65	255.83
25.4	253.86	242.54	220.6	191.66	161.8	145.64	152.18	179.5	206.9	233.38	248.7	255.94
25.5	253.95	242.55	220.5	191.45	161.5	145.3	151.85	179.25	206.75	233.35	248.75	256.05
25.6	254.04	242.56	220.4	191.24	161.2	144.96	151.52	179	206.6	233.32	248.8	256.16
25.7	254.13	242.57	220.3	191.03	160.9	144.62	151.19	178.75	206.45	233.29	248.85	256.27
25.8	254.22	242.58	220.2	190.82	160.6	144.28	150.86	178.5	206.3	233.26	248.9	256.38
25.9	254.31	242.59	220.1	190.61	160.3	143.94	150.53	178.25	206.15	233.23	248.95	256.49
26	254.4	242.6	220	190.4	160	143.6	150.2	178	206	233.2	249	256.6
26.1	254.49	242.61	219.9	190.19	159.7	143.26	149.87	177.75	205.85	233.17	249.05	256.71
26.2	254.58	242.62	219.8	189.98	159.4	142.92	149.54	177.5	205.7	233.14	249.1	256.82
26.3	254.67	242.63	219.7	189.77	159.1	142.58	149.21	177.25	205.55	233.11	249.15	256.93
26.4	254.76	242.64	219.6	189.56	158.8	142.24	148.88	177	205.4	233.08	249.2	257.04
26.5	254.85	242.65	219.5	189.35	158.5	141.9	148.55	176.75	205.25	233.05	249.25	257.15
26.6	254.94	242.66	219.4	189.14	158.2	141.56	148.22	176.5	205.1	233.02	249.3	257.26
26.7	255.03	242.67	219.3	188.93	157.9	141.22	147.89	176.25	204.95	232.99	249.35	257.37
26.8	255.12	242.68	219.2	188.72	157.6	140.88	147.56	176	204.8	232.96	249.4	257.48
26.9	255.21	242.69	219.1	188.51	157.3	140.54	147.23	175.75	204.65	232.93	249.45	257.59
27	255.3	242.7	219	188.3	157	140.2	146.9	175.5	204.5	232.9	249.5	257.7
27.1	255.39	242.71	218.9	188.09	156.7	139.86	146.57	175.25	204.35	232.87	249.55	257.81
27.2	255.48	242.72	218.8	187.88	156.4	139.52	146.24	175	204.2	232.84	249.6	257.92
27.3	255.57	242.73	218.7	187.67	156.1	139.18	145.91	174.75	204.05	232.81	249.65	258.03
27.4	255.66	242.74	218.6	187.46	155.8	138.84	145.58	174.5	203.9	232.78	249.7	258.14
27.5	255.75	242.75	218.5	187.25	155.5	138.5	145.25	174.25	203.75	232.75	249.75	258.25
27.6	255.84	242.76	218.4	187.04	155.2	138.16	144.92	174	203.6	232.72	249.8	258.36
27.7	255.93	242.77	218.3	186.83	154.9	137.82	144.59	173.75	203.45	232.69	249.85	258.47
27.8	256.02	242.78	218.2	186.62	154.6	137.48	144.26	173.5	203.3	232.66	249.9	258.58
27.9	256.11	242.79	218.1	186.41	154.3	137.14	143.93	173.25	203.15	232.63	249.95	258.69
28	256.2	242.8	218	186.2	154	136.8	143.6	173	203	232.6	250	258.8
28.1	256.29	242.81	217.9	185.99	153.7	136.46	143.27	172.75	202.85	232.57	250.05	258.91
28.2	256.38	242.82	217.8	185.78	153.4	136.12	142.94	172.5	202.7	232.54	250.1	259.02
28.3	256.47	242.83	217.7	185.57	153.1	135.78	142.61	172.25	202.55	232.51	250.15	259.13
28.4	256.56	242.84	217.6	185.36	152.8	135.44	142.28	172	202.4	232.48	250.2	259.24
28.5	256.65	242.85	217.5	185.15	152.5	135.1	141.95	171.75	202.25	232.45	250.25	259.35
28.6	256.74	242.86	217.4	184.94	152.2	134.76	141.62	171.5	202.1	232.42	250.3	259.46
28.7	256.83	242.87	217.3	184.73	151.9	134.42	141.29	171.25	201.95	232.39	250.35	259.57
28.8	256.92	242.88	217.2	184.52	151.6	134.08	140.96	171	201.8	232.36	250.4	259.68
28.9	257.01	242.89	217.1	184.31	151.3	133.74	140.63	170.75	201.65	232.33	250.45	259.79
29	257.1	242.9	217	184.1	151	133.4	140.3	170.5	201.5	232.3	250.5	259.9
29.1	257.19	242.91	216.9	183.89	150.7	133.06	139.97	170.25	201.35	232.27	250.55	260.01
29.2	257.28	242.92	216.8	183.68	150.4	132.72	139.64	170	201.2	232.24	250.6	260.12
29.3	257.37	242.93	216.7	183.47	150.1	132.38	139.31	169.75	201.05	232.21	250.65	260.23
29.4	257.46	242.94	216.6	183.26	149.8	132.04	138.98	169.5	200.9	232.18	250.7	260.34
29.5	257.55	242.95	216.5	183.05	149.5	131.7	138.65	169.25	200.75	232.15	250.75	260.45
29.6	257.64	242.96	216.4	182.84	149.2	131.36	138.32	169	200.6	232.12	250.8	260.56
29.7	257.73	242.97	216.3	182.63	148.9	131.02	137.99	168.75	200.45	232.09	250.85	260.67
29.8	257.82	242.98	216.2	182.42	148.6	130.68	137.66	168.5	200.3	232.06	250.9	260.78
29.9	257.91	242.99	216.1	182.21	148.3	130.34	137.33	168.25	200.15	232.03	250.95	260.89
30	258	243	216	182	148	130	137	168	200	232	251	261
30.1	258.05	242.96	215.84	181.73	147.64	129.61	136.62	167.69	199.78	231.91	251.02	261.07
30.2	258.1	242.92	215.68	181.46	147.28	129.22	136.24	167.38	199.56	231.82	251.04	261.14
30.3	258.15	242.88	215.52	181.19	146.92	128.83	135.86	167.07	199.34	231.73	251.06	261.21
30.4	258.2	242.84	215.36	180.92	146.56	128.44	135.48	166.76	199.12	231.64	251.08	261.28
30.5	258.25	242.8	215.2	180.65	146.2	128.05	135.1	166.45	198.9	231.55	251.1	261.35
30.6	258.3	242.76	215.04	180.38	145.84	127.66	134.72	166.14	198.68	231.46	251.12	261.42
30.7	258.35	242.72	214.88	180.11	145.48	127.27	134.34	165.83	198.46	231.37	251.14	261.49
30.8	258.4	242.68	214.72	179.84	145.12	126.88	133.96	165.52	198.24	231.28	251.16	261.56
30.9	258.45	242.64	214.56	179.57	144.76	126.49	133.58	165.21	198.02	231.19	251.18	261.63
31	258.5	242.6	214.4	179.3	144.4	126.1	133.2	164.9	197.8	231.1	251.2	261.7
31.1	258.55	242.56	214.24	179.03	144.04	125.71	132.82	164.59	197.58	231.01	251.22	261.77
31.2	258.6	242.52	214.08	178.76	143.68	125.32	132.44	164.28	197.36	230.92	251.24	261.84
31.3	258.65	242.48	213.92	178.49	143.32	124.93	132.06	163.97	197.14	230.83	251.26	261.91
31.4	258.7	242.44	213.76	178.22	142.96	124.54	131.68	163.66	196.92	230.74	251.28	261.98
31.5	258.75	242.4	213.6	177.95	142.6	124.15	131.3	163.35	196.7	230.65	251.3	262.05
31.6	258.8	242.36	213.44	177.68	142.24	123.76	130.92	163.04	196.48	230.56	251.32	262.12
31.7	258.85	242.32	213.28	177.41	141.88	123.37	130.54	162.73	196.26	230.47	251.34	262.19
31.8	258.9	242.28	213.12	177.14	141.52	122.98	130.16	162.42	196.04	230.38	251.36	262.26
31.9	258.95	242.24	212.96	176.87	141.16	122.59	129.78	162.11	195.82	230.29	251.38	262.33
32	259	242.2	212.8	176.6	140.8	122.2	129.4	161.8	195.6	230.2	251.4	262.4
32.1	259.05	242.16	212.64	176.33	140.44	121.81	129.02	161.49	195.38	230.11	251.42	262.47
32.2	259.1	242.12	212.48	176.06	140.08	121.42	128.64	161.18	195.16	230.02	251.44	262.54
32.3	259.15	242.08	212.32	175.79	139.72	121.03	128.26	160.87	194.94	229.93	251.46	262.61
32.4	259.2	242.04	212.16	175.52	139.36	120.64	127.88	160.56	194.72	229.84	251.48	262.68
32.5	259.25	242	212	175.25	139	120.25	127.5	160.25	194.5	229.75	251.5	262.75
32.6	259.3	241.96	211.84	174.98	138.64	119.86	127.12	159.94	194.28	229.66	251.52	262.82
32.7	259.35	241.92	211.68	174.71	138.28	119.47	126.74	159.63	194.06	229.57	251.54	262.89
32.8	259.4	241.88	211.52	174.44	137.92	119.08	126.36	159.32	193.84	229.48	251.56	262.96
32.9	259.45	241.84	211.36	174.17	137.56	118.69	125.98	159.01	193.62	229.39	251.58	263.03
33	259.5	241.8	211.2	173.9	137.2	118.3	125.6	158.7	193.4	229.3	251.6	263.1
33.1	259.55	241.76	211.04	173.63	136.84	117.91	125.22	158.39	193.18	229.21	251.62	263.17
33.2	259.6	241.72	210.88	173.36	136.48	117.52	124.84	158.08	192.96	229.12	251.64	263.24
33.3	259.65	241.68	210.72	173.09	136.12	117.13	124.46	157.77	192.74	229.03	251.66	263.31
33.4	259.7	241.64	210.56	172.82	135.76	116.74	124.08	157.46	192.52	228.94	251.68	263.38
33.5	259.75	241.6	210.4	172.55	135.4	116.35	123.7	157.15	192.3	228.85	251.7	263.45
33.6	259.8	241.56	210.24	172.28	135.04	115.96	123.32	156.84	192.08	228.76	251.72	263.52
33.7	259.85	241.52	210.08	172.01	134.68	115.57	122.94	156.53	191.86	228.67	251.74	263.59
33.8	259.9	241.48	209.92	171.74	134.32	115.18	122.56	156.22	191.64	228.58	251.76	263.66
33.9	259.95	241.44	209.76	171.47	133.96	114.79	122.18	155.91	191.42	228.49	251.78	263.73
34	260	241.4	209.6	171.2	133.6	114.4	121.8	155.6	191.2	228.4	251.8	263.8
34.1	260.05	241.36	209.44	170.93	133.24	114.01	121.42	155.29	190.98	228.31	251.82	263.87
34.2	260.1	241.32	209.28	170.66	132.88	113.62	121.04	154.98	190.76	228.22	251.84	263.94
34.3	260.15	241.28	209.12	170.39	132.52	113.23	120.66	154.67	190.54	228.13	251.86	264.01
34.4	260.2	241.24	208.96	170.12	132.16	112.84	120.28	154.36	190.32	228.04	251.88	264.08
34.5	260.25	241.2	208.8	169.85	131.8	112.45	119.9	154.05	190.1	227.95	251.9	264.15
34.6	260.3	241.16	208.64	169.58	131.44	112.06	119.52	153.74	189.88	227.86	251.92	264.22
34.7	260.35	241.12	208.48	169.31	131.08	111.67	119.14	153.43	189.66	227.77	251.94	264.29
34.8	260.4	241.08	208.32	169.04	130.72	111.28	118.76	153.12	189.44	227.68	251.96	264.36
34.9	260.45	241.04	208.16	168.77	130.36	110.89	118.38	152.81	189.22	227.59	251.98	264.43
35	260.5	241	208	168.5	130	110.5	118	152.5	189	227.5	252	264.5
35.1	260.55	240.96	207.84	168.23	129.64	110.11	117.62	152.19	188.78	227.41	252.02	264.57
35.2	260.6	240.92	207.68	167.96	129.28	109.72	117.24	151.88	188.56	227.32	252.04	264.64
35.3	260.65	240.88	207.52	167.69	128.92	109.33	116.86	151.57	188.34	227.23	252.06	264.71
35.4	260.7	240.84	207.36	167.42	128.56	108.94	116.48	151.26	188.12	227.14	252.08	264.78
35.5	260.75	240.8	207.2	167.15	128.2	108.55	116.1	150.95	187.9	227.05	252.1	264.85
35.6	260.8	240.76	207.04	166.88	127.84	108.16	115.72	150.64	187.68	226.96	252.12	264.92
35.7	260.85	240.72	206.88	166.61	127.48	107.77	115.34	150.33	187.46	226.87	252.14	264.99
35.8	260.9	240.68	206.72	166.34	127.12	107.38	114.96	150.02	187.24	226.78	252.16	265.06
35.9	260.95	240.64	206.56	166.07	126.76	106.99	114.58	149.71	187.02	226.69	252.18	265.13
36	261	240.6	206.4	165.8	126.4	106.6	114.2	149.4	186.8	226.6	252.2	265.2
36.1	261.05	240.56	206.24	165.53	126.04	106.21	113.82	149.09	186.58	226.51	252.22	265.27
36.2	261.1	240.52	206.08	165.26	125.68	105.82	113.44	148.78	186.36	226.42	252.24	265.34
36.3	261.15	240.48	205.92	164.99	125.32	105.43	113.06	148.47	186.14	226.33	252.26	265.41
36.4	261.2	240.44	205.76	164.72	124.96	105.04	112.68	148.16	185.92	226.24	252.28	265.48
36.5	261.25	240.4	205.6	164.45	124.6	104.65	112.3	147.85	185.7	226.15	252.3	265.55
36.6	261.3	240.36	205.44	164.18	124.24	104.26	111.92	147.54	185.48	226.06	252.32	265.62
36.7	261.35	240.32	205.28	163.91	123.88	103.87	111.54	147.23	185.26	225.97	252.34	265.69
36.8	261.4	240.28	205.12	163.64	123.52	103.48	111.16	146.92	185.04	225.88	252.36	265.76
36.9	261.45	240.24	204.96	163.37	123.16	103.09	110.78	146.61	184.82	225.79	252.38	265.83
37	261.5	240.2	204.8	163.1	122.8	102.7	110.4	146.3	184.6	225.7	252.4	265.9
37.1	261.55	240.16	204.64	162.83	122.44	102.31	110.02	145.99	184.38	225.61	252.42	265.97
37.2	261.6	240.12	204.48	162.56	122.08	101.92	109.64	145.68	184.16	225.52	252.44	266.04
37.3	261.65	240.08	204.32	162.29	121.72	101.53	109.26	145.37	183.94	225.43	252.46	266.11
37.4	261.7	240.04	204.16	162.02	121.36	101.14	108.88	145.06	183.72	225.34	252.48	266.18
37.5	261.75	240	204	161.75	121	100.75	108.5	144.75	183.5	225.25	252.5	266.25
37.6	261.8	239.96	203.84	161.48	120.64	100.36	108.12	144.44	183.28	225.16	252.52	266.32
37.7	261.85	239.92	203.68	161.21	120.28	99.97	107.74	144.13	183.06	225.07	252.54	266.39
37.8	261.9	239.88	203.52	160.94	119.92	99.58	107.36	143.82	182.84	224.98	252.56	266.46
37.9	261.95	239.84	203.36	160.67	119.56	99.19	106.98	143.51	182.62	224.89	252.58	266.53
38	262	239.8	203.2	160.4	119.2	98.8	106.6	143.2	182.4	224.8	252.6	266.6
38.1	262.05	239.76	203.04	160.13	118.84	98.41	106.22	142.89	182.18	224.71	252.62	266.67
38.2	262.1	239.72	202.88	159.86	118.48	98.02	105.84	142.58	181.96	224.62	252.64	266.74
38.3	262.15	239.68	202.72	159.59	118.12	97.63	105.46	142.27	181.74	224.53	252.66	266.81
38.4	262.2	239.64	202.56	159.32	117.76	97.24	105.08	141.96	181.52	224.44	252.68	266.88
38.5	262.25	239.6	202.4	159.05	117.4	96.85	104.7	141.65	181.3	224.35	252.7	266.95
38.6	262.3	239.56	202.24	158.78	117.04	96.46	104.32	141.34	181.08	224.26	252.72	267.02
38.7	262.35	239.52	202.08	158.51	116.68	96.07	103.94	141.03	180.86	224.17	252.74	267.09
38.8	262.4	239.48	201.92	158.24	116.32	95.68	103.56	140.72	180.64	224.08	252.76	267.16
38.9	262.45	239.44	201.76	157.97	115.96	95.29	103.18	140.41	180.42	223.99	252.78	267.23
39	262.5	239.4	201.6	157.7	115.6	94.9	102.8	140.1	180.2	223.9	252.8	267.3
39.1	262.55	239.36	201.44	157.43	115.24	94.51	102.42	139.79	179.98	223.81	252.82	267.37
39.2	262.6	239.32	201.28	157.16	114.88	94.12	102.04	139.48	179.76	223.72	252.84	267.44
39.3	262.65	239.28	201.12	156.89	114.52	93.73	101.66	139.17	179.54	223.63	252.86	267.51
39.4	262.7	239.24	200.96	156.62	114.16	93.34	101.28	138.86	179.32	223.54	252.88	267.58
39.5	262.75	239.2	200.8	156.35	113.8	92.95	100.9	138.55	179.1	223.45	252.9	267.65
39.6	262.8	239.16	200.64	156.08	113.44	92.56	100.52	138.24	178.88	223.36	252.92	267.72
39.7	262.85	239.12	200.48	155.81	113.08	92.17	100.14	137.93	178.66	223.27	252.94	267.79
39.8	262.9	239.08	200.32	155.54	112.72	91.78	99.76	137.62	178.44	223.18	252.96	267.86
39.9	262.95	239.04	200.16	155.27	112.36	91.39	99.38	137.31	178.22	223.09	252.98	267.93
40	263	239	200	155	112	91	99	137	178	223	253	268
40.1	263.02	238.91	199.78	154.66	111.61	90.6	98.61	136.63	177.72	222.84	252.98	268.05
40.2	263.04	238.82	199.56	154.32	111.22	90.2	98.22	136.26	177.44	222.68	252.96	268.1
40.3	263.06	238.73	199.34	153.98	110.83	89.8	97.83	135.89	177.16	222.52	252.94	268.15
40.4	263.08	238.64	199.12	153.64	110.44	89.4	97.44	135.52	176.88	222.36	252.92	268.2
40.5	263.1	238.55	198.9	153.3	110.05	89	97.05	135.15	176.6	222.2	252.9	268.25
40.6	263.12	238.46	198.68	152.96	109.66	88.6	96.66	134.78	176.32	222.04	252.88	268.3
40.7	263.14	238.37	198.46	152.62	109.27	88.2	96.27	134.41	176.04	221.88	252.86	268.35
40.8	263.16	238.28	198.24	152.28	108.88	87.8	95.88	134.04	175.76	221.72	252.84	268.4
40.9	263.18	238.19	198.02	151.94	108.49	87.4	95.49	133.67	175.48	221.56	252.82	268.45
41	263.2	238.1	197.8	151.6	108.1	87	95.1	133.3	175.2	221.4	252.8	268.5
41.1	263.22	238.01	197.58	151.26	107.71	86.6	94.71	132.93	174.92	221.24	252.78	268.55
41.2	263.24	237.92	197.36	150.92	107.32	86.2	94.32	132.56	174.64	221.08	252.76	268.6
41.3	263.26	237.83	197.14	150.58	106.93	85.8	93.93	132.19	174.36	220.92	252.74	268.65
41.4	263.28	237.74	196.92	150.24	106.54	85.4	93.54	131.82	174.08	220.76	252.72	268.7
41.5	263.3	237.65	196.7	149.9	106.15	85	93.15	131.45	173.8	220.6	252.7	268.75
41.6	263.32	237.56	196.48	149.56	105.76	84.6	92.76	131.08	173.52	220.44	252.68	268.8
41.7	263.34	237.47	196.26	149.22	105.37	84.2	92.37	130.71	173.24	220.28	252.66	268.85
41.8	263.36	237.38	196.04	148.88	104.98	83.8	91.98	130.34	172.96	220.12	252.64	268.9
41.9	263.38	237.29	195.82	148.54	104.59	83.4	91.59	129.97	172.68	219.96	252.62	268.95
42	263.4	237.2	195.6	148.2	104.2	83	91.2	129.6	172.4	219.8	252.6	269
42.1	263.42	237.11	195.38	147.86	103.81	82.6	90.81	129.23	172.12	219.64	252.58	269.05
42.2	263.44	237.02	195.16	147.52	103.42	82.2	90.42	128.86	171.84	219.48	252.56	269.1
42.3	263.46	236.93	194.94	147.18	103.03	81.8	90.03	128.49	171.56	219.32	252.54	269.15
42.4	263.48	236.84	194.72	146.84	102.64	81.4	89.64	128.12	171.28	219.16	252.52	269.2
42.5	263.5	236.75	194.5	146.5	102.25	81	89.25	127.75	171	219	252.5	269.25
42.6	263.52	236.66	194.28	146.16	101.86	80.6	88.86	127.38	170.72	218.84	252.48	269.3
42.7	263.54	236.57	194.06	145.82	101.47	80.2	88.47	127.01	170.44	218.68	252.46	269.35
42.8	263.56	236.48	193.84	145.48	101.08	79.8	88.08	126.64	170.16	218.52	252.44	269.4
42.9	263.58	236.39	193.62	145.14	100.69	79.4	87.69	126.27	169.88	218.36	252.42	269.45
43	263.6	236.3	193.4	144.8	100.3	79	87.3	125.9	169.6	218.2	252.4	269.5
43.1	263.62	236.21	193.18	144.46	99.91	78.6	86.91	125.53	169.32	218.04	252.38	269.55
43.2	263.64	236.12	192.96	144.12	99.52	78.2	86.52	125.16	169.04	217.88	252.36	269.6
43.3	263.66	236.03	192.74	143.78	99.13	77.8	86.13	124.79	168.76	217.72	252.34	269.65
43.4	263.68	235.94	192.52	143.44	98.74	77.4	85.74	124.42	168.48	217.56	252.32	269.7
43.5	263.7	235.85	192.3	143.1	98.35	77	85.35	124.05	168.2	217.4	252.3	269.75
43.6	263.72	235.76	192.08	142.76	97.96	76.6	84.96	123.68	167.92	217.24	252.28	269.8
43.7	263.74	235.67	191.86	142.42	97.57	76.2	84.57	123.31	167.64	217.08	252.26	269.85
43.8	263.76	235.58	191.64	142.08	97.18	75.8	84.18	122.94	167.36	216.92	252.24	269.9
43.9	263.78	235.49	191.42	141.74	96.79	75.4	83.79	122.57	167.08	216.76	252.22	269.95
44	263.8	235.4	191.2	141.4	96.4	75	83.4	122.2	166.8	216.6	252.2	270
44.1	263.82	235.31	190.98	141.06	96.01	74.6	83.01	121.83	166.52	216.44	252.18	270.05
44.2	263.84	235.22	190.76	140.72	95.62	74.2	82.62	121.46	166.24	216.28	252.16	270.1
44.3	263.86	235.13	190.54	140.38	95.23	73.8	82.23	121.09	165.96	216.12	252.14	270.15
44.4	263.88	235.04	190.32	140.04	94.84	73.4	81.84	120.72	165.68	215.96	252.12	270.2
44.5	263.9	234.95	190.1	139.7	94.45	73	81.45	120.35	165.4	215.8	252.1	270.25
44.6	263.92	234.86	189.88	139.36	94.06	72.6	81.06	119.98	165.12	215.64	252.08	270.3
44.7	263.94	234.77	189.66	139.02	93.67	72.2	80.67	119.61	164.84	215.48	252.06	270.35
44.8	263.96	234.68	189.44	138.68	93.28	71.8	80.28	119.24	164.56	215.32	252.04	270.4
44.9	263.98	234.59	189.22	138.34	92.89	71.4	79.89	118.87	164.28	215.16	252.02	270.45
45	264	234.5	189	138	92.5	71	79.5	118.5	164	215	252	270.5
45.1	264.02	234.41	188.78	137.66	92.11	70.6	79.11	118.13	163.72	214.84	251.98	270.55
45.2	264.04	234.32	188.56	137.32	91.72	70.2	78.72	117.76	163.44	214.68	251.96	270.6
45.3	264.06	234.23	188.34	136.98	91.33	69.8	78.33	117.39	163.16	214.52	251.94	270.65
45.4	264.08	234.14	188.12	136.64	90.94	69.4	77.94	117.02	162.88	214.36	251.92	270.7
45.5	264.1	234.05	187.9	136.3	90.55	69	77.55	116.65	162.6	214.2	251.9	270.75
45.6	264.12	233.96	187.68	135.96	90.16	68.6	77.16	116.28	162.32	214.04	251.88	270.8
45.7	264.14	233.87	187.46	135.62	89.77	68.2	76.77	115.91	162.04	213.88	251.86	270.85
45.8	264.16	233.78	187.24	135.28	89.38	67.8	76.38	115.54	161.76	213.72	251.84	270.9
45.9	264.18	233.69	187.02	134.94	88.99	67.4	75.99	115.17	161.48	213.56	251.82	270.95
46	264.2	233.6	186.8	134.6	88.6	67	75.6	114.8	161.2	213.4	251.8	271
46.1	264.22	233.51	186.58	134.26	88.21	66.6	75.21	114.43	160.92	213.24	251.78	271.05
46.2	264.24	233.42	186.36	133.92	87.82	66.2	74.82	114.06	160.64	213.08	251.76	271.1
46.3	264.26	233.33	186.14	133.58	87.43	65.8	74.43	113.69	160.36	212.92	251.74	271.15
46.4	264.28	233.24	185.92	133.24	87.04	65.4	74.04	113.32	160.08	212.76	251.72	271.2
46.5	264.3	233.15	185.7	132.9	86.65	65	73.65	112.95	159.8	212.6	251.7	271.25
46.6	264.32	233.06	185.48	132.56	86.26	64.6	73.26	112.58	159.52	212.44	251.68	271.3
46.7	264.34	232.97	185.26	132.22	85.87	64.2	72.87	112.21	159.24	212.28	251.66	271.35
46.8	264.36	232.88	185.04	131.88	85.48	63.8	72.48	111.84	158.96	212.12	251.64	271.4
46.9	264.38	232.79	184.82	131.54	85.09	63.4	72.09	111.47	158.68	211.96	251.62	271.45
47	264.4	232.7	184.6	131.2	84.7	63	71.7	111.1	158.4	211.8	251.6	271.5
47.1	264.42	232.61	184.38	130.86	84.31	62.6	71.31	110.73	158.12	211.64	251.58	271.55
47.2	264.44	232.52	184.16	130.52	83.92	62.2	70.92	110.36	157.84	211.48	251.56	271.6
47.3	264.46	232.43	183.94	130.18	83.53	61.8	70.53	109.99	157.56	211.32	251.54	271.65
47.4	264.48	232.34	183.72	129.84	83.14	61.4	70.14	109.62	157.28	211.16	251.52	271.7
47.5	264.5	232.25	183.5	129.5	82.75	61	69.75	109.25	157	211	251.5	271.75
47.6	264.52	232.16	183.28	129.16	82.36	60.6	69.36	108.88	156.72	210.84	251.48	271.8
47.7	264.54	232.07	183.06	128.82	81.97	60.2	68.97	108.51	156.44	210.68	251.46	271.85
47.8	264.56	231.98	182.84	128.48	81.58	59.8	68.58	108.14	156.16	210.52	251.44	271.9
47.9	264.58	231.89	182.62	128.14	81.19	59.4	68.19	107.77	155.88	210.36	251.42	271.95
48	264.6	231.8	182.4	127.8	80.8	59	67.8	107.4	155.6	210.2	251.4	272
48.1	264.62	231.71	182.18	127.46	80.41	58.6	67.41	107.03	155.32	210.04	251.38	272.05
48.2	264.64	231.62	181.96	127.12	80.02	58.2	67.02	106.66	155.04	209.88	251.36	272.1
48.3	264.66	231.53	181.74	126.78	79.63	57.8	66.63	106.29	154.76	209.72	251.34	272.15
48.4	264.68	231.44	181.52	126.44	79.24	57.4	66.24	105.92	154.48	209.56	251.32	272.2
48.5	264.7	231.35	181.3	126.1	78.85	57	65.85	105.55	154.2	209.4	251.3	272.25
48.6	264.72	231.26	181.08	125.76	78.46	56.6	65.46	105.18	153.92	209.24	251.28	272.3
48.7	264.74	231.17	180.86	125.42	78.07	56.2	65.07	104.81	153.64	209.08	251.26	272.35
48.8	264.76	231.08	180.64	125.08	77.68	55.8	64.68	104.44	153.36	208.92	251.24	272.4
48.9	264.78	230.99	180.42	124.74	77.29	55.4	64.29	104.07	153.08	208.76	251.22	272.45
49	264.8	230.9	180.2	124.4	76.9	55	63.9	103.7	152.8	208.6	251.2	272.5
49.1	264.82	230.81	179.98	124.06	76.51	54.6	63.51	103.33	152.52	208.44	251.18	272.55
49.2	264.84	230.72	179.76	123.72	76.12	54.2	63.12	102.96	152.24	208.28	251.16	272.6
49.3	264.86	230.63	179.54	123.38	75.73	53.8	62.73	102.59	151.96	208.12	251.14	272.65
49.4	264.88	230.54	179.32	123.04	75.34	53.4	62.34	102.22	151.68	207.96	251.12	272.7
49.5	264.9	230.45	179.1	122.7	74.95	53	61.95	101.85	151.4	207.8	251.1	272.75
49.6	264.92	230.36	178.88	122.36	74.56	52.6	61.56	101.48	151.12	207.64	251.08	272.8
49.7	264.94	230.27	178.66	122.02	74.17	52.2	61.17	101.11	150.84	207.48	251.06	272.85
49.8	264.96	230.18	178.44	121.68	73.78	51.8	60.78	100.74	150.56	207.32	251.04	272.9
49.9	264.98	230.09	178.22	121.34	73.39	51.4	60.39	100.37	150.28	207.16	251.02	272.95
50	265	230	178	121	73	51	60	100	150	207	251	273
50.1	265	229.86	177.7	120.61	72.58	50.6	59.59	99.6	149.64	206.8	250.94	273.03
50.2	265	229.72	177.4	120.22	72.16	50.2	59.18	99.2	149.28	206.6	250.88	273.06
50.3	265	229.58	177.1	119.83	71.74	49.8	58.77	98.8	148.92	206.4	250.82	273.09
50.4	265	229.44	176.8	119.44	71.32	49.4	58.36	98.4	148.56	206.2	250.76	273.12
50.5	265	229.3	176.5	119.05	70.9	49	57.95	98	148.2	206	250.7	273.15
50.6	265	229.16	176.2	118.66	70.48	48.6	57.54	97.6	147.84	205.8	250.64	273.18
50.7	265	229.02	175.9	118.27	70.06	48.2	57.13	97.2	147.48	205.6	250.58	273.21
50.8	265	228.88	175.6	117.88	69.64	47.8	56.72	96.8	147.12	205.4	250.52	273.24
50.9	265	228.74	175.3	117.49	69.22	47.4	56.31	96.4	146.76	205.2	250.46	273.27
51	265	228.6	175	117.1	68.8	47	55.9	96	146.4	205	250.4	273.3
51.1	265	228.46	174.7	116.71	68.38	46.6	55.49	95.6	146.04	204.8	250.34	273.33
51.2	265	228.32	174.4	116.32	67.96	46.2	55.08	95.2	145.68	204.6	250.28	273.36
51.3	265	228.18	174.1	115.93	67.54	45.8	54.67	94.8	145.32	204.4	250.22	273.39
51.4	265	228.04	173.8	115.54	67.12	45.4	54.26	94.4	144.96	204.2	250.16	273.42
51.5	265	227.9	173.5	115.15	66.7	45	53.85	94	144.6	204	250.1	273.45
51.6	265	227.76	173.2	114.76	66.28	44.6	53.44	93.6	144.24	203.8	250.04	273.48
51.7	265	227.62	172.9	114.37	65.86	44.2	53.03	93.2	143.88	203.6	249.98	273.51
51.8	265	227.48	172.6	113.98	65.44	43.8	52.62	92.8	143.52	203.4	249.92	273.54
51.9	265	227.34	172.3	113.59	65.02	43.4	52.21	92.4	143.16	203.2	249.86	273.57
52	265	227.2	172	113.2	64.6	43	51.8	92	142.8	203	249.8	273.6
52.1	265	227.06	171.7	112.81	64.18	42.6	51.39	91.6	142.44	202.8	249.74	273.63
52.2	265	226.92	171.4	112.42	63.76	42.2	50.98	91.2	142.08	202.6	249.68	273.66
52.3	265	226.78	171.1	112.03	63.34	41.8	50.57	90.8	141.72	202.4	249.62	273.69
52.4	265	226.64	170.8	111.64	62.92	41.4	50.16	90.4	141.36	202.2	249.56	273.72
52.5	265	226.5	170.5	111.25	62.5	41	49.75	90	141	202	249.5	273.75
52.6	265	226.36	170.2	110.86	62.08	40.6	49.34	89.6	140.64	201.8	249.44	273.78
52.7	265	226.22	169.9	110.47	61.66	40.2	48.93	89.2	140.28	201.6	249.38	273.81
52.8	265	226.08	169.6	110.08	61.24	39.8	48.52	88.8	139.92	201.4	249.32	273.84
52.9	265	225.94	169.3	109.69	60.82	39.4	48.11	88.4	139.56	201.2	249.26	273.87
53	265	225.8	169	109.3	60.4	39	47.7	88	139.2	201	249.2	273.9
53.1	265	225.66	168.7	108.91	59.98	38.6	47.29	87.6	138.84	200.8	249.14	273.93
53.2	265	225.52	168.4	108.52	59.56	38.2	46.88	87.2	138.48	200.6	249.08	273.96
53.3	265	225.38	168.1	108.13	59.14	37.8	46.47	86.8	138.12	200.4	249.02	273.99
53.4	265	225.24	167.8	107.74	58.72	37.4	46.06	86.4	137.76	200.2	248.96	274.02
53.5	265	225.1	167.5	107.35	58.3	37	45.65	86	137.4	200	248.9	274.05
53.6	265	224.96	167.2	106.96	57.88	36.6	45.24	85.6	137.04	199.8	248.84	274.08
53.7	265	224.82	166.9	106.57	57.46	36.2	44.83	85.2	136.68	199.6	248.78	274.11
53.8	265	224.68	166.6	106.18	57.04	35.8	44.42	84.8	136.32	199.4	248.72	274.14
53.9	265	224.54	166.3	105.79	56.62	35.4	44.01	84.4	135.96	199.2	248.66	274.17
54	265	224.4	166	105.4	56.2	35	43.6	84	135.6	199	248.6	274.2
54.1	265	224.26	165.7	105.01	55.78	34.6	43.19	83.6	135.24	198.8	248.54	274.23
54.2	265	224.12	165.4	104.62	55.36	34.2	42.78	83.2	134.88	198.6	248.48	274.26
54.3	265	223.98	165.1	104.23	54.94	33.8	42.37	82.8	134.52	198.4	248.42	274.29
54.4	265	223.84	164.8	103.84	54.52	33.4	41.96	82.4	134.16	198.2	248.36	274.32
54.5	265	223.7	164.5	103.45	54.1	33	41.55	82	133.8	198	248.3	274.35
54.6	265	223.56	164.2	103.06	53.68	32.6	41.14	81.6	133.44	197.8	248.24	274.38
54.7	265	223.42	163.9	102.67	53.26	32.2	40.73	81.2	133.08	197.6	248.18	274.41
54.8	265	223.28	163.6	102.28	52.84	31.8	40.32	80.8	132.72	197.4	248.12	274.44
54.9	265	223.14	163.3	101.89	52.42	31.4	39.91	80.4	132.36	197.2	248.06	274.47
55	265	223	163	101.5	52	31	39.5	80	132	197	248	274.5
55.1	265	222.86	162.7	101.11	51.58	30.6	39.09	79.6	131.64	196.8	247.94	274.53
55.2	265	222.72	162.4	100.72	51.16	30.2	38.68	79.2	131.28	196.6	247.88	274.56
55.3	265	222.58	162.1	100.33	50.74	29.8	38.27	78.8	130.92	196.4	247.82	274.59
55.4	265	222.44	161.8	99.94	50.32	29.4	37.86	78.4	130.56	196.2	247.76	274.62
55.5	265	222.3	161.5	99.55	49.9	29	37.45	78	130.2	196	247.7	274.65
55.6	265	222.16	161.2	99.16	49.48	28.6	37.04	77.6	129.84	195.8	247.64	274.68
55.7	265	222.02	160.9	98.77	49.06	28.2	36.63	77.2	129.48	195.6	247.58	274.71
55.8	265	221.88	160.6	98.38	48.64	27.8	36.22	76.8	129.12	195.4	247.52	274.74
55.9	265	221.74	160.3	97.99	48.22	27.4	35.81	76.4	128.76	195.2	247.46	274.77
56	265	221.6	160	97.6	47.8	27	35.4	76	128.4	195	247.4	274.8
56.1	265	221.46	159.7	97.21	47.38	26.6	34.99	75.6	128.04	194.8	247.34	274.83
56.2	265	221.32	159.4	96.82	46.96	26.2	34.58	75.2	127.68	194.6	247.28	274.86
56.3	265	221.18	159.1	96.43	46.54	25.8	34.17	74.8	127.32	194.4	247.22	274.89
56.4	265	221.04	158.8	96.04	46.12	25.4	33.76	74.4	126.96	194.2	247.16	274.92
56.5	265	220.9	158.5	95.65	45.7	25	33.35	74	126.6	194	247.1	274.95
56.6	265	220.76	158.2	95.26	45.28	24.6	32.94	73.6	126.24	193.8	247.04	274.98
56.7	265	220.62	157.9	94.87	44.86	24.2	32.53	73.2	125.88	193.6	246.98	275.01
56.8	265	220.48	157.6	94.48	44.44	23.8	32.12	72.8	125.52	193.4	246.92	275.04
56.9	265	220.34	157.3	94.09	44.02	23.4	31.71	72.4	125.16	193.2	246.86	275.07
57	265	220.2	157	93.7	43.6	23	31.3	72	124.8	193	246.8	275.1
57.1	265	220.06	156.7	93.31	43.18	22.6	30.89	71.6	124.44	192.8	246.74	275.13
57.2	265	219.92	156.4	92.92	42.76	22.2	30.48	71.2	124.08	192.6	246.68	275.16
57.3	265	219.78	156.1	92.53	42.34	21.8	30.07	70.8	123.72	192.4	246.62	275.19
57.4	265	219.64	155.8	92.14	41.92	21.4	29.66	70.4	123.36	192.2	246.56	275.22
57.5	265	219.5	155.5	91.75	41.5	21	29.25	70	123	192	246.5	275.25
57.6	265	219.36	155.2	91.36	41.08	20.6	28.84	69.6	122.64	191.8	246.44	275.28
57.7	265	219.22	154.9	90.97	40.66	20.2	28.43	69.2	122.28	191.6	246.38	275.31
57.8	265	219.08	154.6	90.58	40.24	19.8	28.02	68.8	121.92	191.4	246.32	275.34
57.9	265	218.94	154.3	90.19	39.82	19.4	27.61	68.4	121.56	191.2	246.26	275.37
58	265	218.8	154	89.8	39.4	19	27.2	68	121.2	191	246.2	275.4
58.1	265	218.66	153.7	89.41	38.98	18.6	26.79	67.6	120.84	190.8	246.14	275.43
58.2	265	218.52	153.4	89.02	38.56	18.2	26.38	67.2	120.48	190.6	246.08	275.46
58.3	265	218.38	153.1	88.63	38.14	17.8	25.97	66.8	120.12	190.4	246.02	275.49
58.4	265	218.24	152.8	88.24	37.72	17.4	25.56	66.4	119.76	190.2	245.96	275.52
58.5	265	218.1	152.5	87.85	37.3	17	25.15	66	119.4	190	245.9	275.55
58.6	265	217.96	152.2	87.46	36.88	16.6	24.74	65.6	119.04	189.8	245.84	275.58
58.7	265	217.82	151.9	87.07	36.46	16.2	24.33	65.2	118.68	189.6	245.78	275.61
58.8	265	217.68	151.6	86.68	36.04	15.8	23.92	64.8	118.32	189.4	245.72	275.64
58.9	265	217.54	151.3	86.29	35.62	15.4	23.51	64.4	117.96	189.2	245.66	275.67
59	265	217.4	151	85.9	35.2	15	23.1	64	117.6	189	245.6	275.7
59.1	265	217.26	150.7	85.51	34.78	14.6	22.69	63.6	117.24	188.8	245.54	275.73
59.2	265	217.12	150.4	85.12	34.36	14.2	22.28	63.2	116.88	188.6	245.48	275.76
59.3	265	216.98	150.1	84.73	33.94	13.8	21.87	62.8	116.52	188.4	245.42	275.79
59.4	265	216.84	149.8	84.34	33.52	13.4	21.46	62.4	116.16	188.2	245.36	275.82
59.5	265	216.7	149.5	83.95	33.1	13	21.05	62	115.8	188	245.3	275.85
59.6	265	216.56	149.2	83.56	32.68	12.6	20.64	61.6	115.44	187.8	245.24	275.88
59.7	265	216.42	148.9	83.17	32.26	12.2	20.23	61.2	115.08	187.6	245.18	275.91
59.8	265	216.28	148.6	82.78	31.84	11.8	19.82	60.8	114.72	187.4	245.12	275.94
59.9	265	216.14	148.3	82.39	31.42	11.4	19.41	60.4	114.36	187.2	245.06	275.97
60	265	216	148	82	31	11	19	60	114	187	245	276
60.1	265.08	215.84	147.64	81.56	30.7	10.89	18.81	59.56	113.6	186.71	244.96	276.15
60.2	265.16	215.68	147.28	81.12	30.4	10.78	18.62	59.12	113.2	186.42	244.92	276.3
60.3	265.24	215.52	146.92	80.68	30.1	10.67	18.43	58.68	112.8	186.13	244.88	276.45
60.4	265.32	215.36	146.56	80.24	29.8	10.56	18.24	58.24	112.4	185.84	244.84	276.6
60.5	265.4	215.2	146.2	79.8	29.5	10.45	18.05	57.8	112	185.55	244.8	276.75
60.6	265.48	215.04	145.84	79.36	29.2	10.34	17.86	57.36	111.6	185.26	244.76	276.9
60.7	265.56	214.88	145.48	78.92	28.9	10.23	17.67	56.92	111.2	184.97	244.72	277.05
60.8	265.64	214.72	145.12	78.48	28.6	10.12	17.48	56.48	110.8	184.68	244.68	277.2
60.9	265.72	214.56	144.76	78.04	28.3	10.01	17.29	56.04	110.4	184.39	244.64	277.35
61	265.8	214.4	144.4	77.6	28	9.9	17.1	55.6	110	184.1	244.6	277.5
61.1	265.88	214.24	144.04	77.16	27.7	9.79	16.91	55.16	109.6	183.81	244.56	277.65
61.2	265.96	214.08	143.68	76.72	27.4	9.68	16.72	54.72	109.2	183.52	244.52	277.8
61.3	266.04	213.92	143.32	76.28	27.1	9.57	16.53	54.28	108.8	183.23	244.48	277.95
61.4	266.12	213.76	142.96	75.84	26.8	9.46	16.34	53.84	108.4	182.94	244.44	278.1
61.5	266.2	213.6	142.6	75.4	26.5	9.35	16.15	53.4	108	182.65	244.4	278.25
61.6	266.28	213.44	142.24	74.96	26.2	9.24	15.96	52.96	107.6	182.36	244.36	278.4
61.7	266.36	213.28	141.88	74.52	25.9	9.13	15.77	52.52	107.2	182.07	244.32	278.55
61.8	266.44	213.12	141.52	74.08	25.6	9.02	15.58	52.08	106.8	181.78	244.28	278.7
61.9	266.52	212.96	141.16	73.64	25.3	8.91	15.39	51.64	106.4	181.49	244.24	278.85
62	266.6	212.8	140.8	73.2	25	8.8	15.2	51.2	106	181.2	244.2	279
62.1	266.68	212.64	140.44	72.76	24.7	8.69	15.01	50.76	105.6	180.91	244.16	279.15
62.2	266.76	212.48	140.08	72.32	24.4	8.58	14.82	50.32	105.2	180.62	244.12	279.3
62.3	266.84	212.32	139.72	71.88	24.1	8.47	14.63	49.88	104.8	180.33	244.08	279.45
62.4	266.92	212.16	139.36	71.44	23.8	8.36	14.44	49.44	104.4	180.04	244.04	279.6
62.5	267	212	139	71	23.5	8.25	14.25	49	104	179.75	244	279.75
62.6	267.08	211.84	138.64	70.56	23.2	8.14	14.06	48.56	103.6	179.46	243.96	279.9
62.7	267.16	211.68	138.28	70.12	22.9	8.03	13.87	48.12	103.2	179.17	243.92	280.05
62.8	267.24	211.52	137.92	69.68	22.6	7.92	13.68	47.68	102.8	178.88	243.88	280.2
62.9	267.32	211.36	137.56	69.24	22.3	7.81	13.49	47.24	102.4	178.59	243.84	280.35
63	267.4	211.2	137.2	68.8	22	7.7	13.3	46.8	102	178.3	243.8	280.5
63.1	267.48	211.04	136.84	68.36	21.7	7.59	13.11	46.36	101.6	178.01	243.76	280.65
63.2	267.56	210.88	136.48	67.92	21.4	7.48	12.92	45.92	101.2	177.72	243.72	280.8
63.3	267.64	210.72	136.12	67.48	21.1	7.37	12.73	45.48	100.8	177.43	243.68	280.95
63.4	267.72	210.56	135.76	67.04	20.8	7.26	12.54	45.04	100.4	177.14	243.64	281.1
63.5	267.8	210.4	135.4	66.6	20.5	7.15	12.35	44.6	100	176.85	243.6	281.25
63.6	267.88	210.24	135.04	66.16	20.2	7.04	12.16	44.16	99.6	176.56	243.56	281.4
63.7	267.96	210.08	134.68	65.72	19.9	6.93	11.97	43.72	99.2	176.27	243.52	281.55
63.8	268.04	209.92	134.32	65.28	19.6	6.82	11.78	43.28	98.8	175.98	243.48	281.7
63.9	268.12	209.76	133.96	64.84	19.3	6.71	11.59	42.84	98.4	175.69	243.44	281.85
64	268.2	209.6	133.6	64.4	19	6.6	11.4	42.4	98	175.4	243.4	282
64.1	268.28	209.44	133.24	63.96	18.7	6.49	11.21	41.96	97.6	175.11	243.36	282.15
64.2	268.36	209.28	132.88	63.52	18.4	6.38	11.02	41.52	97.2	174.82	243.32	282.3
64.3	268.44	209.12	132.52	63.08	18.1	6.27	10.83	41.08	96.8	174.53	243.28	282.45
64.4	268.52	208.96	132.16	62.64	17.8	6.16	10.64	40.64	96.4	174.24	243.24	282.6
64.5	268.6	208.8	131.8	62.2	17.5	6.05	10.45	40.2	96	173.95	243.2	282.75
64.6	268.68	208.64	131.44	61.76	17.2	5.94	10.26	39.76	95.6	173.66	243.16	282.9
64.7	268.76	208.48	131.08	61.32	16.9	5.83	10.07	39.32	95.2	173.37	243.12	283.05
64.8	268.84	208.32	130.72	60.88	16.6	5.72	9.88	38.88	94.8	173.08	243.08	283.2
64.9	268.92	208.16	130.36	60.44	16.3	5.61	9.69	38.44	94.4	172.79	243.04	283.35
65	269	208	130	60	16	5.5	9.5	38	94	172.5	243	283.5
65.1	269.08	207.84	129.64	59.56	15.7	5.39	9.31	37.56	93.6	172.21	242.96	283.65
65.2	269.16	207.68	129.28	59.12	15.4	5.28	9.12	37.12	93.2	171.92	242.92	283.8
65.3	269.24	207.52	128.92	58.68	15.1	5.17	8.93	36.68	92.8	171.63	242.88	283.95
65.4	269.32	207.36	128.56	58.24	14.8	5.06	8.74	36.24	92.4	171.34	242.84	284.1
65.5	269.4	207.2	128.2	57.8	14.5	4.95	8.55	35.8	92	171.05	242.8	284.25
65.6	269.48	207.04	127.84	57.36	14.2	4.84	8.36	35.36	91.6	170.76	242.76	284.4
65.7	269.56	206.88	127.48	56.92	13.9	4.73	8.17	34.92	91.2	170.47	242.72	284.55
65.8	269.64	206.72	127.12	56.48	13.6	4.62	7.98	34.48	90.8	170.18	242.68	284.7
65.9	269.72	206.56	126.76	56.04	13.3	4.51	7.79	34.04	90.4	169.89	242.64	284.85
66	269.8	206.4	126.4	55.6	13	4.4	7.6	33.6	90	169.6	242.6	285
66.1	269.88	206.24	126.04	55.16	12.7	4.29	7.41	33.16	89.6	169.31	242.56	285.15
66.2	269.96	206.08	125.68	54.72	12.4	4.18	7.22	32.72	89.2	169.02	242.52	285.3
66.3	270.04	205.92	125.32	54.28	12.1	4.07	7.03	32.28	88.8	168.73	242.48	285.45
66.4	270.12	205.76	124.96	53.84	11.8	3.96	6.84	31.84	88.4	168.44	242.44	285.6
66.5	270.2	205.6	124.6	53.4	11.5	3.85	6.65	31.4	88	168.15	242.4	285.75
66.6	270.28	205.44	124.24	52.96	11.2	3.74	6.46	30.96	87.6	167.86	242.36	285.9
66.7	270.36	205.28	123.88	52.52	10.9	3.63	6.27	30.52	87.2	167.57	242.32	286.05
66.8	270.44	205.12	123.52	52.08	10.6	3.52	6.08	30.08	86.8	167.28	242.28	286.2
66.9	270.52	204.96	123.16	51.64	10.3	3.41	5.89	29.64	86.4	166.99	242.24	286.35
67	270.6	204.8	122.8	51.2	10	3.3	5.7	29.2	86	166.7	242.2	286.5
67.1	270.68	204.64	122.44	50.76	9.7	3.19	5.51	28.76	85.6	166.41	242.16	286.65
67.2	270.76	204.48	122.08	50.32	9.4	3.08	5.32	28.32	85.2	166.12	242.12	286.8
67.3	270.84	204.32	121.72	49.88	9.1	2.97	5.13	27.88	84.8	165.83	242.08	286.95
67.4	270.92	204.16	121.36	49.44	8.8	2.86	4.94	27.44	84.4	165.54	242.04	287.1
67.5	271	204	121	49	8.5	2.75	4.75	27	84	165.25	242	287.25
67.6	271.08	203.84	120.64	48.56	8.2	2.64	4.56	26.56	83.6	164.96	241.96	287.4
67.7	271.16	203.68	120.28	48.12	7.9	2.53	4.37	26.12	83.2	164.67	241.92	287.55
67.8	271.24	203.52	119.92	47.68	7.6	2.42	4.18	25.68	82.8	164.38	241.88	287.7
67.9	271.32	203.36	119.56	47.24	7.3	2.31	3.99	25.24	82.4	164.09	241.84	287.85
68	271.4	203.2	119.2	46.8	7	2.2	3.8	24.8	82	163.8	241.8	288
68.1	271.48	203.04	118.84	46.36	6.7	2.09	3.61	24.36	81.6	163.51	241.76	288.15
68.2	271.56	202.88	118.48	45.92	6.4	1.98	3.42	23.92	81.2	163.22	241.72	288.3
68.3	271.64	202.72	118.12	45.48	6.1	1.87	3.23	23.48	80.8	162.93	241.68	288.45
68.4	271.72	202.56	117.76	45.04	5.8	1.76	3.04	23.04	80.4	162.64	241.64	288.6
68.5	271.8	202.4	117.4	44.6	5.5	1.65	2.85	22.6	80	162.35	241.6	288.75
68.6	271.88	202.24	117.04	44.16	5.2	1.54	2.66	22.16	79.6	162.06	241.56	288.9
68.7	271.96	202.08	116.68	43.72	4.9	1.43	2.47	21.72	79.2	161.77	241.52	289.05
68.8	272.04	201.92	116.32	43.28	4.6	1.32	2.28	21.28	78.8	161.48	241.48	289.2
68.9	272.12	201.76	115.96	42.84	4.3	1.21	2.09	20.84	78.4	161.19	241.44	289.35
69	272.2	201.6	115.6	42.4	4	1.1	1.9	20.4	78	160.9	241.4	289.5
69.1	272.28	201.44	115.24	41.96	3.7	0.99	1.71	19.96	77.6	160.61	241.36	289.65
69.2	272.36	201.28	114.88	41.52	3.4	0.88	1.52	19.52	77.2	160.32	241.32	289.8
69.3	272.44	201.12	114.52	41.08	3.1	0.77	1.33	19.08	76.8	160.03	241.28	289.95
69.4	272.52	200.96	114.16	40.64	2.8	0.66	1.14	18.64	76.4	159.74	241.24	290.1
69.5	272.6	200.8	113.8	40.2	2.5	0.55	0.95	18.2	76	159.45	241.2	290.25
69.6	272.68	200.64	113.44	39.76	2.2	0.44	0.76	17.76	75.6	159.16	241.16	290.4
69.7	272.76	200.48	113.08	39.32	1.9	0.33	0.57	17.32	75.2	158.87	241.12	290.55
69.8	272.84	200.32	112.72	38.88	1.6	0.22	0.38	16.88	74.8	158.58	241.08	290.7
69.9	272.92	200.16	112.36	38.44	1.3	0.11	0.19	16.44	74.4	158.29	241.04	290.85
70	273	200	112	38	1	0	0	16	74	158	241	291
70.1	273.24	199.96	111.57	37.64	0.99	0	0	15.84	73.5	157.75	241.16	291.27
70.2	273.48	199.92	111.14	37.28	0.98	0	0	15.68	73	157.5	241.32	291.54
70.3	273.72	199.88	110.71	36.92	0.97	0	0	15.52	72.5	157.25	241.48	291.81
70.4	273.96	199.84	110.28	36.56	0.96	0	0	15.36	72	157	241.64	292.08
70.5	274.2	199.8	109.85	36.2	0.95	0	0	15.2	71.5	156.75	241.8	292.35
70.6	274.44	199.76	109.42	35.84	0.94	0	0	15.04	71	156.5	241.96	292.62
70.7	274.68	199.72	108.99	35.48	0.93	0	0	14.88	70.5	156.25	242.12	292.89
70.8	274.92	199.68	108.56	35.12	0.92	0	0	14.72	70	156	242.28	293.16
70.9	275.16	199.64	108.13	34.76	0.91	0	0	14.56	69.5	155.75	242.44	293.43
71	275.4	199.6	107.7	34.4	0.9	0	0	14.4	69	155.5	242.6	293.7
71.1	275.64	199.56	107.27	34.04	0.89	0	0	14.24	68.5	155.25	242.76	293.97
71.2	275.88	199.52	106.84	33.68	0.88	0	0	14.08	68	155	242.92	294.24
71.3	276.12	199.48	106.41	33.32	0.87	0	0	13.92	67.5	154.75	243.08	294.51
71.4	276.36	199.44	105.98	32.96	0.86	0	0	13.76	67	154.5	243.24	294.78
71.5	276.6	199.4	105.55	32.6	0.85	0	0	13.6	66.5	154.25	243.4	295.05
71.6	276.84	199.36	105.12	32.24	0.84	0	0	13.44	66	154	243.56	295.32
71.7	277.08	199.32	104.69	31.88	0.83	0	0	13.28	65.5	153.75	243.72	295.59
71.8	277.32	199.28	104.26	31.52	0.82	0	0	13.12	65	153.5	243.88	295.86
71.9	277.56	199.24	103.83	31.16	0.81	0	0	12.96	64.5	153.25	244.04	296.13
72	277.8	199.2	103.4	30.8	0.8	0	0	12.8	64	153	244.2	296.4
72.1	278.04	199.16	102.97	30.44	0.79	0	0	12.64	63.5	152.75	244.36	296.67
72.2	278.28	199.12	102.54	30.08	0.78	0	0	12.48	63	152.5	244.52	296.94
72.3	278.52	199.08	102.11	29.72	0.77	0	0	12.32	62.5	152.25	244.68	297.21
72.4	278.76	199.04	101.68	29.36	0.76	0	0	12.16	62	152	244.84	297.48
72.5	279	199	101.25	29	0.75	0	0	12	61.5	151.75	245	297.75
72.6	279.24	198.96	100.82	28.64	0.74	0	0	11.84	61	151.5	245.16	298.02
72.7	279.48	198.92	100.39	28.28	0.73	0	0	11.68	60.5	151.25	245.32	298.29
72.8	279.72	198.88	99.96	27.92	0.72	0	0	11.52	60	151	245.48	298.56
72.9	279.96	198.84	99.53	27.56	0.71	0	0	11.36	59.5	150.75	245.64	298.83
73	280.2	198.8	99.1	27.2	0.7	0	0	11.2	59	150.5	245.8	299.1
73.1	280.44	198.76	98.67	26.84	0.69	0	0	11.04	58.5	150.25	245.96	299.37
73.2	280.68	198.72	98.24	26.48	0.68	0	0	10.88	58	150	246.12	299.64
73.3	280.92	198.68	97.81	26.12	0.67	0	0	10.72	57.5	149.75	246.28	299.91
73.4	281.16	198.64	97.38	25.76	0.66	0	0	10.56	57	149.5	246.44	300.18
73.5	281.4	198.6	96.95	25.4	0.65	0	0	10.4	56.5	149.25	246.6	300.45
73.6	281.64	198.56	96.52	25.04	0.64	0	0	10.24	56	149	246.76	300.72
73.7	281.88	198.52	96.09	24.68	0.63	0	0	10.08	55.5	148.75	246.92	300.99
73.8	282.12	198.48	95.66	24.32	0.62	0	0	9.92	55	148.5	247.08	301.26
73.9	282.36	198.44	95.23	23.96	0.61	0	0	9.76	54.5	148.25	247.24	301.53
74	282.6	198.4	94.8	23.6	0.6	0	0	9.6	54	148	247.4	301.8
74.1	282.84	198.36	94.37	23.24	0.59	0	0	9.44	53.5	147.75	247.56	302.07
74.2	283.08	198.32	93.94	22.88	0.58	0	0	9.28	53	147.5	247.72	302.34
74.3	283.32	198.28	93.51	22.52	0.57	0	0	9.12	52.5	147.25	247.88	302.61
74.4	283.56	198.24	93.08	22.16	0.56	0	0	8.96	52	147	248.04	302.88
74.5	283.8	198.2	92.65	21.8	0.55	0	0	8.8	51.5	146.75	248.2	303.15
74.6	284.04	198.16	92.22	21.44	0.54	0	0	8.64	51	146.5	248.36	303.42
74.7	284.28	198.12	91.79	21.08	0.53	0	0	8.48	50.5	146.25	248.52	303.69
74.8	284.52	198.08	91.36	20.72	0.52	0	0	8.32	50	146	248.68	303.96
74.9	284.76	198.04	90.93	20.36	0.51	0	0	8.16	49.5	145.75	248.84	304.23
75	285	198	90.5	20	0.5	0	0	8	49	145.5	249	304.5
75.1	285.24	197.96	90.07	19.64	0.49	0	0	7.84	48.5	145.25	249.16	304.77
75.2	285.48	197.92	89.64	19.28	0.48	0	0	7.68	48	145	249.32	305.04
75.3	285.72	197.88	89.21	18.92	0.47	0	0	7.52	47.5	144.75	249.48	305.31
75.4	285.96	197.84	88.78	18.56	0.46	0	0	7.36	47	144.5	249.64	305.58
75.5	286.2	197.8	88.35	18.2	0.45	0	0	7.2	46.5	144.25	249.8	305.85
75.6	286.44	197.76	87.92	17.84	0.44	0	0	7.04	46	144	249.96	306.12
75.7	286.68	197.72	87.49	17.48	0.43	0	0	6.88	45.5	143.75	250.12	306.39
75.8	286.92	197.68	87.06	17.12	0.42	0	0	6.72	45	143.5	250.28	306.66
75.9	287.16	197.64	86.63	16.76	0.41	0	0	6.56	44.5	143.25	250.44	306.93
76	287.4	197.6	86.2	16.4	0.4	0	0	6.4	44	143	250.6	307.2
76.1	287.64	197.56	85.77	16.04	0.39	0	0	6.24	43.5	142.75	250.76	307.47
76.2	287.88	197.52	85.34	15.68	0.38	0	0	6.08	43	142.5	250.92	307.74
76.3	288.12	197.48	84.91	15.32	0.37	0	0	5.92	42.5	142.25	251.08	308.01
76.4	288.36	197.44	84.48	14.96	0.36	0	0	5.76	42	142	251.24	308.28
76.5	288.6	197.4	84.05	14.6	0.35	0	0	5.6	41.5	141.75	251.4	308.55
76.6	288.84	197.36	83.62	14.24	0.34	0	0	5.44	41	141.5	251.56	308.82
76.7	289.08	197.32	83.19	13.88	0.33	0	0	5.28	40.5	141.25	251.72	309.09
76.8	289.32	197.28	82.76	13.52	0.32	0	0	5.12	40	141	251.88	309.36
76.9	289.56	197.24	82.33	13.16	0.31	0	0	4.96	39.5	140.75	252.04	309.63
77	289.8	197.2	81.9	12.8	0.3	0	0	4.8	39	140.5	252.2	309.9
77.1	290.04	197.16	81.47	12.44	0.29	0	0	4.64	38.5	140.25	252.36	310.17
77.2	290.28	197.12	81.04	12.08	0.28	0	0	4.48	38	140	252.52	310.44
77.3	290.52	197.08	80.61	11.72	0.27	0	0	4.32	37.5	139.75	252.68	310.71
77.4	290.76	197.04	80.18	11.36	0.26	0	0	4.16	37	139.5	252.84	310.98
77.5	291	197	79.75	11	0.25	0	0	4	36.5	139.25	253	311.25
77.6	291.24	196.96	79.32	10.64	0.24	0	0	3.84	36	139	253.16	311.52
77.7	291.48	196.92	78.89	10.28	0.23	0	0	3.68	35.5	138.75	253.32	311.79
77.8	291.72	196.88	78.46	9.92	0.22	0	0	3.52	35	138.5	253.48	312.06
77.9	291.96	196.84	78.03	9.56	0.21	0	0	3.36	34.5	138.25	253.64	312.33
78	292.2	196.8	77.6	9.2	0.2	0	0	3.2	34	138	253.8	312.6
78.1	292.44	196.76	77.17	8.84	0.19	0	0	3.04	33.5	137.75	253.96	312.87
78.2	292.68	196.72	76.74	8.48	0.18	0	0	2.88	33	137.5	254.12	313.14
78.3	292.92	196.68	76.31	8.12	0.17	0	0	2.72	32.5	137.25	254.28	313.41
78.4	293.16	196.64	75.88	7.76	0.16	0	0	2.56	32	137	254.44	313.68
78.5	293.4	196.6	75.45	7.4	0.15	0	0	2.4	31.5	136.75	254.6	313.95
78.6	293.64	196.56	75.02	7.04	0.14	0	0	2.24	31	136.5	254.76	314.22
78.7	293.88	196.52	74.59	6.68	0.13	0	0	2.08	30.5	136.25	254.92	314.49
78.8	294.12	196.48	74.16	6.32	0.12	0	0	1.92	30	136	255.08	314.76
78.9	294.36	196.44	73.73	5.96	0.11	0	0	1.76	29.5	135.75	255.24	315.03
79	294.6	196.4	73.3	5.6	0.1	0	0	1.6	29	135.5	255.4	315.3
79.1	294.84	196.36	72.87	5.24	0.09	0	0	1.44	28.5	135.25	255.56	315.57
79.2	295.08	196.32	72.44	4.88	0.08	0	0	1.28	28	135	255.72	315.84
79.3	295.32	196.28	72.01	4.52	0.07	0	0	1.12	27.5	134.75	255.88	316.11
79.4	295.56	196.24	71.58	4.16	0.06	0	0	0.96	27	134.5	256.04	316.38
79.5	295.8	196.2	71.15	3.8	0.05	0	0	0.8	26.5	134.25	256.2	316.65
79.6	296.04	196.16	70.72	3.44	0.04	0	0	0.64	26	134	256.36	316.92
79.7	296.28	196.12	70.29	3.08	0.03	0	0	0.48	25.5	133.75	256.52	317.19
79.8	296.52	196.08	69.86	2.72	0.02	0	0	0.32	25	133.5	256.68	317.46
79.9	296.76	196.04	69.43	2.36	0.01	0	0	0.16	24.5	133.25	256.84	317.73
80	297	196	69	2	0	0	0	0	24	133	257	318
80.1	297.05	196.19	68.66	1.98	0	0	0	0	23.76	132.98	257.12	318.01
80.2	297.1	196.38	68.32	1.96	0	0	0	0	23.52	132.96	257.24	318.02
80.3	297.15	196.57	67.98	1.94	0	0	0	0	23.28	132.94	257.36	318.03
80.4	297.2	196.76	67.64	1.92	0	0	0	0	23.04	132.92	257.48	318.04
80.5	297.25	196.95	67.3	1.9	0	0	0	0	22.8	132.9	257.6	318.05
80.6	297.3	197.14	66.96	1.88	0	0	0	0	22.56	132.88	257.72	318.06
80.7	297.35	197.33	66.62	1.86	0	0	0	0	22.32	132.86	257.84	318.07
80.8	297.4	197.52	66.28	1.84	0	0	0	0	22.08	132.84	257.96	318.08
80.9	297.45	197.71	65.94	1.82	0	0	0	0	21.84	132.82	258.08	318.09
81	297.5	197.9	65.6	1.8	0	0	0	0	21.6	132.8	258.2	318.1
81.1	297.55	198.09	65.26	1.78	0	0	0	0	21.36	132.78	258.32	318.11
81.2	297.6	198.28	64.92	1.76	0	0	0	0	21.12	132.76	258.44	318.12
81.3	297.65	198.47	64.58	1.74	0	0	0	0	20.88	132.74	258.56	318.13
81.4	297.7	198.66	64.24	1.72	0	0	0	0	20.64	132.72	258.68	318.14
81.5	297.75	198.85	63.9	1.7	0	0	0	0	20.4	132.7	258.8	318.15
81.6	297.8	199.04	63.56	1.68	0	0	0	0	20.16	132.68	258.92	318.16
81.7	297.85	199.23	63.22	1.66	0	0	0	0	19.92	132.66	259.04	318.17
81.8	297.9	199.42	62.88	1.64	0	0	0	0	19.68	132.64	259.16	318.18
81.9	297.95	199.61	62.54	1.62	0	0	0	0	19.44	132.62	259.28	318.19
82	298	199.8	62.2	1.6	0	0	0	0	19.2	132.6	259.4	318.2
82.1	298.05	199.99	61.86	1.58	0	0	0	0	18.96	132.58	259.52	318.21
82.2	298.1	200.18	61.52	1.56	0	0	0	0	18.72	132.56	259.64	318.22
82.3	298.15	200.37	61.18	1.54	0	0	0	0	18.48	132.54	259.76	318.23
82.4	298.2	200.56	60.84	1.52	0	0	0	0	18.24	132.52	259.88	318.24
82.5	298.25	200.75	60.5	1.5	0	0	0	0	18	132.5	260	318.25
82.6	298.3	200.94	60.16	1.48	0	0	0	0	17.76	132.48	260.12	318.26
82.7	298.35	201.13	59.82	1.46	0	0	0	0	17.52	132.46	260.24	318.27
82.8	298.4	201.32	59.48	1.44	0	0	0	0	17.28	132.44	260.36	318.28
82.9	298.45	201.51	59.14	1.42	0	0	0	0	17.04	132.42	260.48	318.29
83	298.5	201.7	58.8	1.4	0	0	0	0	16.8	132.4	260.6	318.3
83.1	298.55	201.89	58.46	1.38	0	0	0	0	16.56	132.38	260.72	318.31
83.2	298.6	202.08	58.12	1.36	0	0	0	0	16.32	132.36	260.84	318.32
83.3	298.65	202.27	57.78	1.34	0	0	0	0	16.08	132.34	260.96	318.33
83.4	298.7	202.46	57.44	1.32	0	0	0	0	15.84	132.32	261.08	318.34
83.5	298.75	202.65	57.1	1.3	0	0	0	0	15.6	132.3	261.2	318.35
83.6	298.8	202.84	56.76	1.28	0	0	0	0	15.36	132.28	261.32	318.36
83.7	298.85	203.03	56.42	1.26	0	0	0	0	15.12	132.26	261.44	318.37
83.8	298.9	203.22	56.08	1.24	0	0	0	0	14.88	132.24	261.56	318.38
83.9	298.95	203.41	55.74	1.22	0	0	0	0	14.64	132.22	261.68	318.39
84	299	203.6	55.4	1.2	0	0	0	0	14.4	132.2	261.8	318.4
84.1	299.05	203.79	55.06	1.18	0	0	0	0	14.16	132.18	261.92	318.41
84.2	299.1	203.98	54.72	1.16	0	0	0	0	13.92	132.16	262.04	318.42
84.3	299.15	204.17	54.38	1.14	0	0	0	0	13.68	132.14	262.16	318.43
84.4	299.2	204.36	54.04	1.12	0	0	0	0	13.44	132.12	262.28	318.44
84.5	299.25	204.55	53.7	1.1	0	0	0	0	13.2	132.1	262.4	318.45
84.6	299.3	204.74	53.36	1.08	0	0	0	0	12.96	132.08	262.52	318.46
84.7	299.35	204.93	53.02	1.06	0	0	0	0	12.72	132.06	262.64	318.47
84.8	299.4	205.12	52.68	1.04	0	0	0	0	12.48	132.04	262.76	318.48
84.9	299.45	205.31	52.34	1.02	0	0	0	0	12.24	132.02	262.88	318.49
85	299.5	205.5	52	1	0	0	0	0	12	132	263	318.5
85.1	299.55	205.69	51.66	0.98	0	0	0	0	11.76	131.98	263.12	318.51
85.2	299.6	205.88	51.32	0.96	0	0	0	0	11.52	131.96	263.24	318.52
85.3	299.65	206.07	50.98	0.94	0	0	0	0	11.28	131.94	263.36	318.53
85.4	299.7	206.26	50.64	0.92	0	0	0	0	11.04	131.92	263.48	318.54
85.5	299.75	206.45	50.3	0.9	0	0	0	0	10.8	131.9	263.6	318.55
85.6	299.8	206.64	49.96	0.88	0	0	0	0	10.56	131.88	263.72	318.56
85.7	299.85	206.83	49.62	0.86	0	0	0	0	10.32	131.86	263.84	318.57
85.8	299.9	207.02	49.28	0.84	0	0	0	0	10.08	131.84	263.96	318.58
85.9	299.95	207.21	48.94	0.82	0	0	0	0	9.84	131.82	264.08	318.59
86	300	207.4	48.6	0.8	0	0	0	0	9.6	131.8	264.2	318.6
86.1	300.05	207.59	48.26	0.78	0	0	0	0	9.36	131.78	264.32	318.61
86.2	300.1	207.78	47.92	0.76	0	0	0	0	9.12	131.76	264.44	318.62
86.3	300.15	207.97	47.58	0.74	0	0	0	0	8.88	131.74	264.56	318.63
86.4	300.2	208.16	47.24	0.72	0	0	0	0	8.64	131.72	264.68	318.64
86.5	300.25	208.35	46.9	0.7	0	0	0	0	8.4	131.7	264.8	318.65
86.6	300.3	208.54	46.56	0.68	0	0	0	0	8.16	131.68	264.92	318.66
86.7	300.35	208.73	46.22	0.66	0	0	0	0	7.92	131.66	265.04	318.67
86.8	300.4	208.92	45.88	0.64	0	0	0	0	7.68	131.64	265.16	318.68
86.9	300.45	209.11	45.54	0.62	0	0	0	0	7.44	131.62	265.28	318.69
87	300.5	209.3	45.2	0.6	0	0	0	0	7.2	131.6	265.4	318.7
87.1	300.55	209.49	44.86	0.58	0	0	0	0	6.96	131.58	265.52	318.71
87.2	300.6	209.68	44.52	0.56	0	0	0	0	6.72	131.56	265.64	318.72
87.3	300.65	209.87	44.18	0.54	0	0	0	0	6.48	131.54	265.76	318.73
87.4	300.7	210.06	43.84	0.52	0	0	0	0	6.24	131.52	265.88	318.74
87.5	300.75	210.25	43.5	0.5	0	0	0	0	6	131.5	266	318.75
87.6	300.8	210.44	43.16	0.48	0	0	0	0	5.76	131.48	266.12	318.76
87.7	300.85	210.63	42.82	0.46	0	0	0	0	5.52	131.46	266.24	318.77
87.8	300.9	210.82	42.48	0.44	0	0	0	0	5.28	131.44	266.36	318.78
87.9	300.95	211.01	42.14	0.42	0	0	0	0	5.04	131.42	266.48	318.79
88	301	211.2	41.8	0.4	0	0	0	0	4.8	131.4	266.6	318.8
88.1	301.05	211.39	41.46	0.38	0	0	0	0	4.56	131.38	266.72	318.81
88.2	301.1	211.58	41.12	0.36	0	0	0	0	4.32	131.36	266.84	318.82
88.3	301.15	211.77	40.78	0.34	0	0	0	0	4.08	131.34	266.96	318.83
88.4	301.2	211.96	40.44	0.32	0	0	0	0	3.84	131.32	267.08	318.84
88.5	301.25	212.15	40.1	0.3	0	0	0	0	3.6	131.3	267.2	318.85
88.6	301.3	212.34	39.76	0.28	0	0	0	0	3.36	131.28	267.32	318.86
88.7	301.35	212.53	39.42	0.26	0	0	0	0	3.12	131.26	267.44	318.87
88.8	301.4	212.72	39.08	0.24	0	0	0	0	2.88	131.24	267.56	318.88
88.9	301.45	212.91	38.74	0.22	0	0	0	0	2.64	131.22	267.68	318.89
89	301.5	213.1	38.4	0.2	0	0	0	0	2.4	131.2	267.8	318.9
89.1	301.55	213.29	38.06	0.18	0	0	0	0	2.16	131.18	267.92	318.91
89.2	301.6	213.48	37.72	0.16	0	0	0	0	1.92	131.16	268.04	318.92
89.3	301.65	213.67	37.38	0.14	0	0	0	0	1.68	131.14	268.16	318.93
89.4	301.7	213.86	37.04	0.12	0	0	0	0	1.44	131.12	268.28	318.94
89.5	301.75	214.05	36.7	0.1	0	0	0	0	1.2	131.1	268.4	318.95
89.6	301.8	214.24	36.36	0.08	0	0	0	0	0.96	131.08	268.52	318.96
89.7	301.85	214.43	36.02	0.06	0	0	0	0	0.72	131.06	268.64	318.97
89.8	301.9	214.62	35.68	0.04	0	0	0	0	0.48	131.04	268.76	318.98
89.9	301.95	214.81	35.34	0.02	0	0	0	0	0.24	131.02	268.88	318.99
