id	Jan	Feb	Mar	April	May	June	Jul	Aug	Sept	Oct	Nov	Dec
0	342.9	360.1	369	363.93	349	337	343	357	368	365.05	349.1	337.05
0.1	342.49865	359.8655	368.9594	364.100488	349.33445	337.42445	343.3596	357.25445	368.07435	364.904925	348.7556	336.620175
0.2	342.0966	359.63	368.9176	364.269812	349.6678	337.8478	343.7184	357.5078	368.1474	364.7587	348.4104	336.1897
0.3	341.69385	359.3935	368.8746	364.437972	350.00005	338.27005	344.0764	357.76005	368.21915	364.611325	348.0644	335.758575
0.4	341.2904	359.156	368.8304	364.604968	350.3312	338.6912	344.4336	358.0112	368.2896	364.4628	347.7176	335.3268
0.5	340.88625	358.9175	368.785	364.7708	350.66125	339.11125	344.79	358.26125	368.35875	364.313125	347.37	334.894375
0.6	340.4814	358.678	368.7384	364.935468	350.9902	339.5302	345.1456	358.5102	368.4266	364.1623	347.0216	334.4613
0.7	340.07585	358.4375	368.6906	365.098972	351.31805	339.94805	345.5004	358.75805	368.49315	364.010325	346.6724	334.027575
0.8	339.6696	358.196	368.6416	365.261312	351.6448	340.3648	345.8544	359.0048	368.5584	363.8572	346.3224	333.5932
0.9	339.26265	357.9535	368.5914	365.422488	351.97045	340.78045	346.2076	359.25045	368.62235	363.702925	345.9716	333.158175
1	338.855	357.71	368.54	365.5825	352.295	341.195	346.56	359.495	368.685	363.5475	345.62	332.7225
1.1	338.44665	357.4655	368.4874	365.741348	352.61845	341.60845	346.9116	359.73845	368.74635	363.390925	345.2676	332.286175
1.2	338.0376	357.22	368.4336	365.899032	352.9408	342.0208	347.2624	359.9808	368.8064	363.2332	344.9144	331.8492
1.3	337.62785	356.9735	368.3786	366.055552	353.26205	342.43205	347.6124	360.22205	368.86515	363.074325	344.5604	331.411575
1.4	337.2174	356.726	368.3224	366.210908	353.5822	342.8422	347.9616	360.4622	368.9226	362.9143	344.2056	330.9733
1.5	336.80625	356.4775	368.265	366.3651	353.90125	343.25125	348.31	360.70125	368.97875	362.753125	343.85	330.534375
1.6	336.3944	356.228	368.2064	366.518128	354.2192	343.6592	348.6576	360.9392	369.0336	362.5908	343.4936	330.0948
1.7	335.98185	355.9775	368.1466	366.669992	354.53605	344.06605	349.0044	361.17605	369.08715	362.427325	343.1364	329.654575
1.8	335.5686	355.726	368.0856	366.820692	354.8518	344.4718	349.3504	361.4118	369.1394	362.2627	342.7784	329.2137
1.9	335.15465	355.4735	368.0234	366.970228	355.16645	344.87645	349.6956	361.64645	369.19035	362.096925	342.4196	328.772175
2	334.74	355.22	367.96	367.1186	355.48	345.28	350.04	361.88	369.24	361.93	342.06	328.33
2.1	334.32465	354.9655	367.8954	367.265808	355.79245	345.68245	350.3836	362.11245	369.28835	361.761925	341.6996	327.887175
2.2	333.9086	354.71	367.8296	367.411852	356.1038	346.0838	350.7264	362.3438	369.3354	361.5927	341.3384	327.4437
2.3	333.49185	354.4535	367.7626	367.556732	356.41405	346.48405	351.0684	362.57405	369.38115	361.422325	340.9764	326.999575
2.4	333.0744	354.196	367.6944	367.700448	356.7232	346.8832	351.4096	362.8032	369.4256	361.2508	340.6136	326.5548
2.5	332.65625	353.9375	367.625	367.843	357.03125	347.28125	351.75	363.03125	369.46875	361.078125	340.25	326.109375
2.6	332.2374	353.678	367.5544	367.984388	357.3382	347.6782	352.0896	363.2582	369.5106	360.9043	339.8856	325.6633
2.7	331.81785	353.4175	367.4826	368.124612	357.64405	348.07405	352.4284	363.48405	369.55115	360.729325	339.5204	325.216575
2.8	331.3976	353.156	367.4096	368.263672	357.9488	348.4688	352.7664	363.7088	369.5904	360.5532	339.1544	324.7692
2.9	330.97665	352.8935	367.3354	368.401568	358.25245	348.86245	353.1036	363.93245	369.62835	360.375925	338.7876	324.321175
3	330.555	352.63	367.26	368.5383	358.555	349.255	353.44	364.155	369.665	360.1975	338.42	323.8725
3.1	330.13265	352.3655	367.1834	368.673868	358.85645	349.64645	353.7756	364.37645	369.70035	360.017925	338.0516	323.423175
3.2	329.7096	352.1	367.1056	368.808272	359.1568	350.0368	354.1104	364.5968	369.7344	359.8372	337.6824	322.9732
3.3	329.28585	351.8335	367.0266	368.941512	359.45605	350.42605	354.4444	364.81605	369.76715	359.655325	337.3124	322.522575
3.4	328.8614	351.566	366.9464	369.073588	359.7542	350.8142	354.7776	365.0342	369.7986	359.4723	336.9416	322.0713
3.5	328.43625	351.2975	366.865	369.2045	360.05125	351.20125	355.11	365.25125	369.82875	359.288125	336.57	321.619375
3.6	328.0104	351.028	366.7824	369.334248	360.3472	351.5872	355.4416	365.4672	369.8576	359.1028	336.1976	321.1668
3.7	327.58385	350.7575	366.6986	369.462832	360.64205	351.97205	355.7724	365.68205	369.88515	358.916325	335.8244	320.713575
3.8	327.1566	350.486	366.6136	369.590252	360.9358	352.3558	356.1024	365.8958	369.9114	358.7287	335.4504	320.2597
3.9	326.72865	350.2135	366.5274	369.716508	361.22845	352.73845	356.4316	366.10845	369.93635	358.539925	335.0756	319.805175
4	326.3	349.94	366.44	369.8416	361.52	353.12	356.76	366.32	369.96	358.35	334.7	319.35
4.1	325.87065	349.6655	366.3514	369.965528	361.81045	353.50045	357.0876	366.53045	369.98235	358.158925	334.3236	318.894175
4.2	325.4406	349.39	366.2616	370.088292	362.0998	353.8798	357.4144	366.7398	370.0034	357.9667	333.9464	318.4377
4.3	325.00985	349.1135	366.1706	370.209892	362.38805	354.25805	357.7404	366.94805	370.02315	357.773325	333.5684	317.980575
4.4	324.5784	348.836	366.0784	370.330328	362.6752	354.6352	358.0656	367.1552	370.0416	357.5788	333.1896	317.5228
4.5	324.14625	348.5575	365.985	370.4496	362.96125	355.01125	358.39	367.36125	370.05875	357.383125	332.81	317.064375
4.6	323.7134	348.278	365.8904	370.567708	363.2462	355.3862	358.7136	367.5662	370.0746	357.1863	332.4296	316.6053
4.7	323.27985	347.9975	365.7946	370.684652	363.53005	355.76005	359.0364	367.77005	370.08915	356.988325	332.0484	316.145575
4.8	322.8456	347.716	365.6976	370.800432	363.8128	356.1328	359.3584	367.9728	370.1024	356.7892	331.6664	315.6852
4.9	322.41065	347.4335	365.5994	370.915048	364.09445	356.50445	359.6796	368.17445	370.11435	356.588925	331.2836	315.224175
5	321.975	347.15	365.5	371.0285	364.375	356.875	360	368.375	370.125	356.3875	330.9	314.7625
5.1	321.53865	346.8655	365.3994	371.140788	364.65445	357.24445	360.3196	368.57445	370.13435	356.184925	330.5156	314.300175
5.2	321.1016	346.58	365.2976	371.251912	364.9328	357.6128	360.6384	368.7728	370.1424	355.9812	330.1304	313.8372
5.3	320.66385	346.2935	365.1946	371.361872	365.21005	357.98005	360.9564	368.97005	370.14915	355.776325	329.7444	313.373575
5.4	320.2254	346.006	365.0904	371.470668	365.4862	358.3462	361.2736	369.1662	370.1546	355.5703	329.3576	312.9093
5.5	319.78625	345.7175	364.985	371.5783	365.76125	358.71125	361.59	369.36125	370.15875	355.363125	328.97	312.444375
5.6	319.3464	345.428	364.8784	371.684768	366.0352	359.0752	361.9056	369.5552	370.1616	355.1548	328.5816	311.9788
5.7	318.90585	345.1375	364.7706	371.790072	366.30805	359.43805	362.2204	369.74805	370.16315	354.945325	328.1924	311.512575
5.8	318.4646	344.846	364.6616	371.894212	366.5798	359.7998	362.5344	369.9398	370.1634	354.7347	327.8024	311.0457
5.9	318.02265	344.5535	364.5514	371.997188	366.85045	360.16045	362.8476	370.13045	370.16235	354.522925	327.4116	310.578175
6	317.58	344.26	364.44	372.099	367.12	360.52	363.16	370.32	370.16	354.31	327.02	310.11
6.1	317.13665	343.9655	364.3274	372.199648	367.38845	360.87845	363.4716	370.50845	370.15635	354.095925	326.6276	309.641175
6.2	316.6926	343.67	364.2136	372.299132	367.6558	361.2358	363.7824	370.6958	370.1514	353.8807	326.2344	309.1717
6.3	316.24785	343.3735	364.0986	372.397452	367.92205	361.59205	364.0924	370.88205	370.14515	353.664325	325.8404	308.701575
6.4	315.8024	343.076	363.9824	372.494608	368.1872	361.9472	364.4016	371.0672	370.1376	353.4468	325.4456	308.2308
6.5	315.35625	342.7775	363.865	372.5906	368.45125	362.30125	364.71	371.25125	370.12875	353.228125	325.05	307.759375
6.6	314.9094	342.478	363.7464	372.685428	368.7142	362.6542	365.0176	371.4342	370.1186	353.0083	324.6536	307.2873
6.7	314.46185	342.1775	363.6266	372.779092	368.97605	363.00605	365.3244	371.61605	370.10715	352.787325	324.2564	306.814575
6.8	314.0136	341.876	363.5056	372.871592	369.2368	363.3568	365.6304	371.7968	370.0944	352.5652	323.8584	306.3412
6.9	313.56465	341.5735	363.3834	372.962928	369.49645	363.70645	365.9356	371.97645	370.08035	352.341925	323.4596	305.867175
7	313.115	341.27	363.26	373.0531	369.755	364.055	366.24	372.155	370.065	352.1175	323.06	305.3925
7.1	312.66465	340.9655	363.1354	373.142108	370.01245	364.40245	366.5436	372.33245	370.04835	351.891925	322.6596	304.917175
7.2	312.2136	340.66	363.0096	373.229952	370.2688	364.7488	366.8464	372.5088	370.0304	351.6652	322.2584	304.4412
7.3	311.76185	340.3535	362.8826	373.316632	370.52405	365.09405	367.1484	372.68405	370.01115	351.437325	321.8564	303.964575
7.4	311.3094	340.046	362.7544	373.402148	370.7782	365.4382	367.4496	372.8582	369.9906	351.2083	321.4536	303.4873
7.5	310.85625	339.7375	362.625	373.4865	371.03125	365.78125	367.75	373.03125	369.96875	350.978125	321.05	303.009375
7.6	310.4024	339.428	362.4944	373.569688	371.2832	366.1232	368.0496	373.2032	369.9456	350.7468	320.6456	302.5308
7.7	309.94785	339.1175	362.3626	373.651712	371.53405	366.46405	368.3484	373.37405	369.92115	350.514325	320.2404	302.051575
7.8	309.4926	338.806	362.2296	373.732572	371.7838	366.8038	368.6464	373.5438	369.8954	350.2807	319.8344	301.5717
7.9	309.03665	338.4935	362.0954	373.812268	372.03245	367.14245	368.9436	373.71245	369.86835	350.045925	319.4276	301.091175
8	308.58	338.18	361.96	373.8908	372.28	367.48	369.24	373.88	369.84	349.81	319.02	300.61
8.1	308.12265	337.8655	361.8234	373.968168	372.52645	367.81645	369.5356	374.04645	369.81035	349.572925	318.6116	300.128175
8.2	307.6646	337.55	361.6856	374.044372	372.7718	368.1518	369.8304	374.2118	369.7794	349.3347	318.2024	299.6457
8.3	307.20585	337.2335	361.5466	374.119412	373.01605	368.48605	370.1244	374.37605	369.74715	349.095325	317.7924	299.162575
8.4	306.7464	336.916	361.4064	374.193288	373.2592	368.8192	370.4176	374.5392	369.7136	348.8548	317.3816	298.6788
8.5	306.28625	336.5975	361.265	374.266	373.50125	369.15125	370.71	374.70125	369.67875	348.613125	316.97	298.194375
8.6	305.8254	336.278	361.1224	374.337548	373.7422	369.4822	371.0016	374.8622	369.6426	348.3703	316.5576	297.7093
8.7	305.36385	335.9575	360.9786	374.407932	373.98205	369.81205	371.2924	375.02205	369.60515	348.126325	316.1444	297.223575
8.8	304.9016	335.636	360.8336	374.477152	374.2208	370.1408	371.5824	375.1808	369.5664	347.8812	315.7304	296.7372
8.9	304.43865	335.3135	360.6874	374.545208	374.45845	370.46845	371.8716	375.33845	369.52635	347.634925	315.3156	296.250175
9	303.975	334.99	360.54	374.6121	374.695	370.795	372.16	375.495	369.485	347.3875	314.9	295.7625
9.1	303.51065	334.6655	360.3914	374.677828	374.93045	371.12045	372.4476	375.65045	369.44235	347.138925	314.4836	295.274175
9.2	303.0456	334.34	360.2416	374.742392	375.1648	371.4448	372.7344	375.8048	369.3984	346.8892	314.0664	294.7852
9.3	302.57985	334.0135	360.0906	374.805792	375.39805	371.76805	373.0204	375.95805	369.35315	346.638325	313.6484	294.295575
9.4	302.1134	333.686	359.9384	374.868028	375.6302	372.0902	373.3056	376.1102	369.3066	346.3863	313.2296	293.8053
9.5	301.64625	333.3575	359.785	374.9291	375.86125	372.41125	373.59	376.26125	369.25875	346.133125	312.81	293.314375
9.6	301.1784	333.028	359.6304	374.989008	376.0912	372.7312	373.8736	376.4112	369.2096	345.8788	312.3896	292.8228
9.7	300.70985	332.6975	359.4746	375.047752	376.32005	373.05005	374.1564	376.56005	369.15915	345.623325	311.9684	292.330575
9.8	300.2406	332.366	359.3176	375.105332	376.5478	373.3678	374.4384	376.7078	369.1074	345.3667	311.5464	291.8377
9.9	299.77065	332.0335	359.1594	375.161748	376.77445	373.68445	374.7196	376.85445	369.05435	345.108925	311.1236	291.344175
10	299.3	331.7	359	375.217	377	374	375	377	369	344.85	310.7	290.85
10.1	298.82865	331.3655	358.8394	375.271088	377.22445	374.31445	375.2796	377.14445	368.94435	344.589925	310.2756	290.355175
10.2	298.3566	331.03	358.6776	375.324012	377.4478	374.6278	375.5584	377.2878	368.8874	344.3287	309.8504	289.8597
10.3	297.88385	330.6935	358.5146	375.375772	377.67005	374.94005	375.8364	377.43005	368.82915	344.066325	309.4244	289.363575
10.4	297.4104	330.356	358.3504	375.426368	377.8912	375.2512	376.1136	377.5712	368.7696	343.8028	308.9976	288.8668
10.5	296.93625	330.0175	358.185	375.4758	378.11125	375.56125	376.39	377.71125	368.70875	343.538125	308.57	288.369375
10.6	296.4614	329.678	358.0184	375.524068	378.3302	375.8702	376.6656	377.8502	368.6466	343.2723	308.1416	287.8713
10.7	295.98585	329.3375	357.8506	375.571172	378.54805	376.17805	376.9404	377.98805	368.58315	343.005325	307.7124	287.372575
10.8	295.5096	328.996	357.6816	375.617112	378.7648	376.4848	377.2144	378.1248	368.5184	342.7372	307.2824	286.8732
10.9	295.03265	328.6535	357.5114	375.661888	378.98045	376.79045	377.4876	378.26045	368.45235	342.467925	306.8516	286.373175
11	294.555	328.31	357.34	375.7055	379.195	377.095	377.76	378.395	368.385	342.1975	306.42	285.8725
11.1	294.07665	327.9655	357.1674	375.747948	379.40845	377.39845	378.0316	378.52845	368.31635	341.925925	305.9876	285.371175
11.2	293.5976	327.62	356.9936	375.789232	379.6208	377.7008	378.3024	378.6608	368.2464	341.6532	305.5544	284.8692
11.3	293.11785	327.2735	356.8186	375.829352	379.83205	378.00205	378.5724	378.79205	368.17515	341.379325	305.1204	284.366575
11.4	292.6374	326.926	356.6424	375.868308	380.0422	378.3022	378.8416	378.9222	368.1026	341.1043	304.6856	283.8633
11.5	292.15625	326.5775	356.465	375.9061	380.25125	378.60125	379.11	379.05125	368.02875	340.828125	304.25	283.359375
11.6	291.6744	326.228	356.2864	375.942728	380.4592	378.8992	379.3776	379.1792	367.9536	340.5508	303.8136	282.8548
11.7	291.19185	325.8775	356.1066	375.978192	380.66605	379.19605	379.6444	379.30605	367.87715	340.272325	303.3764	282.349575
11.8	290.7086	325.526	355.9256	376.012492	380.8718	379.4918	379.9104	379.4318	367.7994	339.9927	302.9384	281.8437
11.9	290.22465	325.1735	355.7434	376.045628	381.07645	379.78645	380.1756	379.55645	367.72035	339.711925	302.4996	281.337175
12	289.74	324.82	355.56	376.0776	381.28	380.08	380.44	379.68	367.64	339.43	302.06	280.83
12.1	289.25465	324.4655	355.3754	376.108408	381.48245	380.37245	380.7036	379.80245	367.55835	339.146925	301.6196	280.322175
12.2	288.7686	324.11	355.1896	376.138052	381.6838	380.6638	380.9664	379.9238	367.4754	338.8627	301.1784	279.8137
12.3	288.28185	323.7535	355.0026	376.166532	381.88405	380.95405	381.2284	380.04405	367.39115	338.577325	300.7364	279.304575
12.4	287.7944	323.396	354.8144	376.193848	382.0832	381.2432	381.4896	380.1632	367.3056	338.2908	300.2936	278.7948
12.5	287.30625	323.0375	354.625	376.22	382.28125	381.53125	381.75	380.28125	367.21875	338.003125	299.85	278.284375
12.6	286.8174	322.678	354.4344	376.244988	382.4782	381.8182	382.0096	380.3982	367.1306	337.7143	299.4056	277.7733
12.7	286.32785	322.3175	354.2426	376.268812	382.67405	382.10405	382.2684	380.51405	367.04115	337.424325	298.9604	277.261575
12.8	285.8376	321.956	354.0496	376.291472	382.8688	382.3888	382.5264	380.6288	366.9504	337.1332	298.5144	276.7492
12.9	285.34665	321.5935	353.8554	376.312968	383.06245	382.67245	382.7836	380.74245	366.85835	336.840925	298.0676	276.236175
13	284.855	321.23	353.66	376.3333	383.255	382.955	383.04	380.855	366.765	336.5475	297.62	275.7225
13.1	284.36265	320.8655	353.4634	376.352468	383.44645	383.23645	383.2956	380.96645	366.67035	336.252925	297.1716	275.208175
13.2	283.8696	320.5	353.2656	376.370472	383.6368	383.5168	383.5504	381.0768	366.5744	335.9572	296.7224	274.6932
13.3	283.37585	320.1335	353.0666	376.387312	383.82605	383.79605	383.8044	381.18605	366.47715	335.660325	296.2724	274.177575
13.4	282.8814	319.766	352.8664	376.402988	384.0142	384.0742	384.0576	381.2942	366.3786	335.3623	295.8216	273.6613
13.5	282.38625	319.3975	352.665	376.4175	384.20125	384.35125	384.31	381.40125	366.27875	335.063125	295.37	273.144375
13.6	281.8904	319.028	352.4624	376.430848	384.3872	384.6272	384.5616	381.5072	366.1776	334.7628	294.9176	272.6268
13.7	281.39385	318.6575	352.2586	376.443032	384.57205	384.90205	384.8124	381.61205	366.07515	334.461325	294.4644	272.108575
13.8	280.8966	318.286	352.0536	376.454052	384.7558	385.1758	385.0624	381.7158	365.9714	334.1587	294.0104	271.5897
13.9	280.39865	317.9135	351.8474	376.463908	384.93845	385.44845	385.3116	381.81845	365.86635	333.854925	293.5556	271.070175
14	279.9	317.54	351.64	376.4726	385.12	385.72	385.56	381.92	365.76	333.55	293.1	270.55
14.1	279.40065	317.1655	351.4314	376.480128	385.30045	385.99045	385.8076	382.02045	365.65235	333.243925	292.6436	270.029175
14.2	278.9006	316.79	351.2216	376.486492	385.4798	386.2598	386.0544	382.1198	365.5434	332.9367	292.1864	269.5077
14.3	278.39985	316.4135	351.0106	376.491692	385.65805	386.52805	386.3004	382.21805	365.43315	332.628325	291.7284	268.985575
14.4	277.8984	316.036	350.7984	376.495728	385.8352	386.7952	386.5456	382.3152	365.3216	332.3188	291.2696	268.4628
14.5	277.39625	315.6575	350.585	376.4986	386.01125	387.06125	386.79	382.41125	365.20875	332.008125	290.81	267.939375
14.6	276.8934	315.278	350.3704	376.500308	386.1862	387.3262	387.0336	382.5062	365.0946	331.6963	290.3496	267.4153
14.7	276.38985	314.8975	350.1546	376.500852	386.36005	387.59005	387.2764	382.60005	364.97915	331.383325	289.8884	266.890575
14.8	275.8856	314.516	349.9376	376.500232	386.5328	387.8528	387.5184	382.6928	364.8624	331.0692	289.4264	266.3652
14.9	275.38065	314.1335	349.7194	376.498448	386.70445	388.11445	387.7596	382.78445	364.74435	330.753925	288.9636	265.839175
15	274.875	313.75	349.5	376.4955	386.875	388.375	388	382.875	364.625	330.4375	288.5	265.3125
15.1	274.36865	313.3655	349.2794	376.491388	387.04445	388.63445	388.2396	382.96445	364.50435	330.119925	288.0356	264.785175
15.2	273.8616	312.98	349.0576	376.486112	387.2128	388.8928	388.4784	383.0528	364.3824	329.8012	287.5704	264.2572
15.3	273.35385	312.5935	348.8346	376.479672	387.38005	389.15005	388.7164	383.14005	364.25915	329.481325	287.1044	263.728575
15.4	272.8454	312.206	348.6104	376.472068	387.5462	389.4062	388.9536	383.2262	364.1346	329.1603	286.6376	263.1993
15.5	272.33625	311.8175	348.385	376.4633	387.71125	389.66125	389.19	383.31125	364.00875	328.838125	286.17	262.669375
15.6	271.8264	311.428	348.1584	376.453368	387.8752	389.9152	389.4256	383.3952	363.8816	328.5148	285.7016	262.1388
15.7	271.31585	311.0375	347.9306	376.442272	388.03805	390.16805	389.6604	383.47805	363.75315	328.190325	285.2324	261.607575
15.8	270.8046	310.646	347.7016	376.430012	388.1998	390.4198	389.8944	383.5598	363.6234	327.8647	284.7624	261.0757
15.9	270.29265	310.2535	347.4714	376.416588	388.36045	390.67045	390.1276	383.64045	363.49235	327.537925	284.2916	260.543175
16	269.78	309.86	347.24	376.402	388.52	390.92	390.36	383.72	363.36	327.21	283.82	260.01
16.1	269.26665	309.4655	347.0074	376.386248	388.67845	391.16845	390.5916	383.79845	363.22635	326.880925	283.3476	259.476175
16.2	268.7526	309.07	346.7736	376.369332	388.8358	391.4158	390.8224	383.8758	363.0914	326.5507	282.8744	258.9417
16.3	268.23785	308.6735	346.5386	376.351252	388.99205	391.66205	391.0524	383.95205	362.95515	326.219325	282.4004	258.406575
16.4	267.7224	308.276	346.3024	376.332008	389.1472	391.9072	391.2816	384.0272	362.8176	325.8868	281.9256	257.8708
16.5	267.20625	307.8775	346.065	376.3116	389.30125	392.15125	391.51	384.10125	362.67875	325.553125	281.45	257.334375
16.6	266.6894	307.478	345.8264	376.290028	389.4542	392.3942	391.7376	384.1742	362.5386	325.2183	280.9736	256.7973
16.7	266.17185	307.0775	345.5866	376.267292	389.60605	392.63605	391.9644	384.24605	362.39715	324.882325	280.4964	256.259575
16.8	265.6536	306.676	345.3456	376.243392	389.7568	392.8768	392.1904	384.3168	362.2544	324.5452	280.0184	255.7212
16.9	265.13465	306.2735	345.1034	376.218328	389.90645	393.11645	392.4156	384.38645	362.11035	324.206925	279.5396	255.182175
17	264.615	305.87	344.86	376.1921	390.055	393.355	392.64	384.455	361.965	323.8675	279.06	254.6425
17.1	264.09465	305.4655	344.6154	376.164708	390.20245	393.59245	392.8636	384.52245	361.81835	323.526925	278.5796	254.102175
17.2	263.5736	305.06	344.3696	376.136152	390.3488	393.8288	393.0864	384.5888	361.6704	323.1852	278.0984	253.5612
17.3	263.05185	304.6535	344.1226	376.106432	390.49405	394.06405	393.3084	384.65405	361.52115	322.842325	277.6164	253.019575
17.4	262.5294	304.246	343.8744	376.075548	390.6382	394.2982	393.5296	384.7182	361.3706	322.4983	277.1336	252.4773
17.5	262.00625	303.8375	343.625	376.0435	390.78125	394.53125	393.75	384.78125	361.21875	322.153125	276.65	251.934375
17.6	261.4824	303.428	343.3744	376.010288	390.9232	394.7632	393.9696	384.8432	361.0656	321.8068	276.1656	251.3908
17.7	260.95785	303.0175	343.1226	375.975912	391.06405	394.99405	394.1884	384.90405	360.91115	321.459325	275.6804	250.846575
17.8	260.4326	302.606	342.8696	375.940372	391.2038	395.2238	394.4064	384.9638	360.7554	321.1107	275.1944	250.3017
17.9	259.90665	302.1935	342.6154	375.903668	391.34245	395.45245	394.6236	385.02245	360.59835	320.760925	274.7076	249.756175
18	259.38	301.78	342.36	375.8658	391.48	395.68	394.84	385.08	360.44	320.41	274.22	249.21
18.1	258.85265	301.3655	342.1034	375.826768	391.61645	395.90645	395.0556	385.13645	360.28035	320.057925	273.7316	248.663175
18.2	258.3246	300.95	341.8456	375.786572	391.7518	396.1318	395.2704	385.1918	360.1194	319.7047	273.2424	248.1157
18.3	257.79585	300.5335	341.5866	375.745212	391.88605	396.35605	395.4844	385.24605	359.95715	319.350325	272.7524	247.567575
18.4	257.2664	300.116	341.3264	375.702688	392.0192	396.5792	395.6976	385.2992	359.7936	318.9948	272.2616	247.0188
18.5	256.73625	299.6975	341.065	375.659	392.15125	396.80125	395.91	385.35125	359.62875	318.638125	271.77	246.469375
18.6	256.2054	299.278	340.8024	375.614148	392.2822	397.0222	396.1216	385.4022	359.4626	318.2803	271.2776	245.9193
18.7	255.67385	298.8575	340.5386	375.568132	392.41205	397.24205	396.3324	385.45205	359.29515	317.921325	270.7844	245.368575
18.8	255.1416	298.436	340.2736	375.520952	392.5408	397.4608	396.5424	385.5008	359.1264	317.5612	270.2904	244.8172
18.9	254.60865	298.0135	340.0074	375.472608	392.66845	397.67845	396.7516	385.54845	358.95635	317.199925	269.7956	244.265175
19	254.075	297.59	339.74	375.4231	392.795	397.895	396.96	385.595	358.785	316.8375	269.3	243.7125
19.1	253.54065	297.1655	339.4714	375.372428	392.92045	398.11045	397.1676	385.64045	358.61235	316.473925	268.8036	243.159175
19.2	253.0056	296.74	339.2016	375.320592	393.0448	398.3248	397.3744	385.6848	358.4384	316.1092	268.3064	242.6052
19.3	252.46985	296.3135	338.9306	375.267592	393.16805	398.53805	397.5804	385.72805	358.26315	315.743325	267.8084	242.050575
19.4	251.9334	295.886	338.6584	375.213428	393.2902	398.7502	397.7856	385.7702	358.0866	315.3763	267.3096	241.4953
19.5	251.39625	295.4575	338.385	375.1581	393.41125	398.96125	397.99	385.81125	357.90875	315.008125	266.81	240.939375
19.6	250.8584	295.028	338.1104	375.101608	393.5312	399.1712	398.1936	385.8512	357.7296	314.6388	266.3096	240.3828
19.7	250.31985	294.5975	337.8346	375.043952	393.65005	399.38005	398.3964	385.89005	357.54915	314.268325	265.8084	239.825575
19.8	249.7806	294.166	337.5576	374.985132	393.7678	399.5878	398.5984	385.9278	357.3674	313.8967	265.3064	239.2677
19.9	249.24065	293.7335	337.2794	374.925148	393.88445	399.79445	398.7996	385.96445	357.18435	313.523925	264.8036	238.709175
20	248.7	293.3	337	374.864	394	400	399	386	357.1	313.15	264.3	238.15
20.1	248.15865	292.8655	336.7194	374.801688	394.11445	400.20445	399.1695	386.03445	356.9055	312.774925	263.7956	237.590175
20.2	247.6166	292.43	336.4376	374.738212	394.2278	400.4078	399.338	386.0678	356.71	312.3987	263.2904	237.0297
20.3	247.07385	291.9935	336.1546	374.673572	394.34005	400.61005	399.5055	386.10005	356.5135	312.021325	262.7844	236.468575
20.4	246.5304	291.556	335.8704	374.607768	394.4512	400.8112	399.672	386.1312	356.316	311.6428	262.2776	235.9068
20.5	245.98625	291.1175	335.585	374.5408	394.56125	401.01125	399.8375	386.16125	356.1175	311.263125	261.77	235.344375
20.6	245.4414	290.678	335.2984	374.472668	394.6702	401.2102	400.002	386.1902	355.918	310.8823	261.2616	234.7813
20.7	244.89585	290.2375	335.0106	374.403372	394.77805	401.40805	400.1655	386.21805	355.7175	310.500325	260.7524	234.217575
20.8	244.3496	289.796	334.7216	374.332912	394.8848	401.6048	400.328	386.2448	355.516	310.1172	260.2424	233.6532
20.9	243.80265	289.3535	334.4314	374.261288	394.99045	401.80045	400.4895	386.27045	355.3135	309.732925	259.7316	233.088175
21	243.255	288.91	334.14	374.1885	395.095	401.995	400.65	386.295	355.11	309.3475	259.22	232.5225
21.1	242.70665	288.4655	333.8474	374.114548	395.19845	402.18845	400.8095	386.31845	354.9055	308.960925	258.7076	231.956175
21.2	242.1576	288.02	333.5536	374.039432	395.3008	402.3808	400.968	386.3408	354.7	308.5732	258.1944	231.3892
21.3	241.60785	287.5735	333.2586	373.963152	395.40205	402.57205	401.1255	386.36205	354.4935	308.184325	257.6804	230.821575
21.4	241.0574	287.126	332.9624	373.885708	395.5022	402.7622	401.282	386.3822	354.286	307.7943	257.1656	230.2533
21.5	240.50625	286.6775	332.665	373.8071	395.60125	402.95125	401.4375	386.40125	354.0775	307.403125	256.65	229.684375
21.6	239.9544	286.228	332.3664	373.727328	395.6992	403.1392	401.592	386.4192	353.868	307.0108	256.1336	229.1148
21.7	239.40185	285.7775	332.0666	373.646392	395.79605	403.32605	401.7455	386.43605	353.6575	306.617325	255.6164	228.544575
21.8	238.8486	285.326	331.7656	373.564292	395.8918	403.5118	401.898	386.4518	353.446	306.2227	255.0984	227.9737
21.9	238.29465	284.8735	331.4634	373.481028	395.98645	403.69645	402.0495	386.46645	353.2335	305.826925	254.5796	227.402175
22	237.74	284.42	331.16	373.3966	396.08	403.88	402.2	386.48	353.02	305.43	254.06	226.83
22.1	237.18465	283.9655	330.8554	373.311008	396.17245	404.06245	402.3495	386.49245	352.8055	305.031925	253.5396	226.257175
22.2	236.6286	283.51	330.5496	373.224252	396.2638	404.2438	402.498	386.5038	352.59	304.6327	253.0184	225.6837
22.3	236.07185	283.0535	330.2426	373.136332	396.35405	404.42405	402.6455	386.51405	352.3735	304.232325	252.4964	225.109575
22.4	235.5144	282.596	329.9344	373.047248	396.4432	404.6032	402.792	386.5232	352.156	303.8308	251.9736	224.5348
22.5	234.95625	282.1375	329.625	372.957	396.53125	404.78125	402.9375	386.53125	351.9375	303.428125	251.45	223.959375
22.6	234.3974	281.678	329.3144	372.865588	396.6182	404.9582	403.082	386.5382	351.718	303.0243	250.9256	223.3833
22.7	233.83785	281.2175	329.0026	372.773012	396.70405	405.13405	403.2255	386.54405	351.4975	302.619325	250.4004	222.806575
22.8	233.2776	280.756	328.6896	372.679272	396.7888	405.3088	403.368	386.5488	351.276	302.2132	249.8744	222.2292
22.9	232.71665	280.2935	328.3754	372.584368	396.87245	405.48245	403.5095	386.55245	351.0535	301.805925	249.3476	221.651175
23	232.155	279.83	328.06	372.4883	396.955	405.655	403.65	386.555	350.83	301.3975	248.82	221.0725
23.1	231.59265	279.3655	327.7434	372.391068	397.03645	405.82645	403.7895	386.55645	350.6055	300.987925	248.2916	220.493175
23.2	231.0296	278.9	327.4256	372.292672	397.1168	405.9968	403.928	386.5568	350.38	300.5772	247.7624	219.9132
23.3	230.46585	278.4335	327.1066	372.193112	397.19605	406.16605	404.0655	386.55605	350.1535	300.165325	247.2324	219.332575
23.4	229.9014	277.966	326.7864	372.092388	397.2742	406.3342	404.202	386.5542	349.926	299.7523	246.7016	218.7513
23.5	229.33625	277.4975	326.465	371.9905	397.35125	406.50125	404.3375	386.55125	349.6975	299.338125	246.17	218.169375
23.6	228.7704	277.028	326.1424	371.887448	397.4272	406.6672	404.472	386.5472	349.468	298.9228	245.6376	217.5868
23.7	228.20385	276.5575	325.8186	371.783232	397.50205	406.83205	404.6055	386.54205	349.2375	298.506325	245.1044	217.003575
23.8	227.6366	276.086	325.4936	371.677852	397.5758	406.9958	404.738	386.5358	349.006	298.0887	244.5704	216.4197
23.9	227.06865	275.6135	325.1674	371.571308	397.64845	407.15845	404.8695	386.52845	348.7735	297.669925	244.0356	215.835175
24	226.5	275.14	324.84	371.4636	397.72	407.32	405	386.52	348.54	297.25	243.5	215.25
24.1	225.93065	274.6655	324.5114	371.354728	397.79045	407.48045	405.1295	386.51045	348.3055	296.828925	242.9636	214.664175
24.2	225.3606	274.19	324.1816	371.244692	397.8598	407.6398	405.258	386.4998	348.07	296.4067	242.4264	214.0777
24.3	224.78985	273.7135	323.8506	371.133492	397.92805	407.79805	405.3855	386.48805	347.8335	295.983325	241.8884	213.490575
24.4	224.2184	273.236	323.5184	371.021128	397.9952	407.9552	405.512	386.4752	347.596	295.5588	241.3496	212.9028
24.5	223.64625	272.7575	323.185	370.9076	398.06125	408.11125	405.6375	386.46125	347.3575	295.133125	240.81	212.314375
24.6	223.0734	272.278	322.8504	370.792908	398.1262	408.2662	405.762	386.4462	347.118	294.7063	240.2696	211.7253
24.7	222.49985	271.7975	322.5146	370.677052	398.19005	408.42005	405.8855	386.43005	346.8775	294.278325	239.7284	211.135575
24.8	221.9256	271.316	322.1776	370.560032	398.2528	408.5728	406.008	386.4128	346.636	293.8492	239.1864	210.5452
24.9	221.35065	270.8335	321.8394	370.441848	398.31445	408.72445	406.1295	386.39445	346.3935	293.418925	238.6436	209.954175
25	220.775	270.35	321.5	370.3225	398.375	408.875	406.25	386.375	346.15	292.9875	238.1	209.3625
25.1	220.19865	269.8655	321.1594	370.201988	398.43445	409.02445	406.3695	386.35445	345.9055	292.554925	237.5556	208.770175
25.2	219.6216	269.38	320.8176	370.080312	398.4928	409.1728	406.488	386.3328	345.66	292.1212	237.0104	208.1772
25.3	219.04385	268.8935	320.4746	369.957472	398.55005	409.32005	406.6055	386.31005	345.4135	291.686325	236.4644	207.583575
25.4	218.4654	268.406	320.1304	369.833468	398.6062	409.4662	406.722	386.2862	345.166	291.2503	235.9176	206.9893
25.5	217.88625	267.9175	319.785	369.7083	398.66125	409.61125	406.8375	386.26125	344.9175	290.813125	235.37	206.394375
25.6	217.3064	267.428	319.4384	369.581968	398.7152	409.7552	406.952	386.2352	344.668	290.3748	234.8216	205.7988
25.7	216.72585	266.9375	319.0906	369.454472	398.76805	409.89805	407.0655	386.20805	344.4175	289.935325	234.2724	205.202575
25.8	216.1446	266.446	318.7416	369.325812	398.8198	410.0398	407.178	386.1798	344.166	289.4947	233.7224	204.6057
25.9	215.56265	265.9535	318.3914	369.195988	398.87045	410.18045	407.2895	386.15045	343.9135	289.052925	233.1716	204.008175
26	214.98	265.46	318.04	369.065	398.92	410.32	407.4	386.12	343.66	288.61	232.62	203.41
26.1	214.39665	264.9655	317.6874	368.932848	398.96845	410.45845	407.5095	386.08845	343.4055	288.165925	232.0676	202.811175
26.2	213.8126	264.47	317.3336	368.799532	399.0158	410.5958	407.618	386.0558	343.15	287.7207	231.5144	202.2117
26.3	213.22785	263.9735	316.9786	368.665052	399.06205	410.73205	407.7255	386.02205	342.8935	287.274325	230.9604	201.611575
26.4	212.6424	263.476	316.6224	368.529408	399.1072	410.8672	407.832	385.9872	342.636	286.8268	230.4056	201.0108
26.5	212.05625	262.9775	316.265	368.3926	399.15125	411.00125	407.9375	385.95125	342.3775	286.378125	229.85	200.409375
26.6	211.4694	262.478	315.9064	368.254628	399.1942	411.1342	408.042	385.9142	342.118	285.9283	229.2936	199.8073
26.7	210.88185	261.9775	315.5466	368.115492	399.23605	411.26605	408.1455	385.87605	341.8575	285.477325	228.7364	199.204575
26.8	210.2936	261.476	315.1856	367.975192	399.2768	411.3968	408.248	385.8368	341.596	285.0252	228.1784	198.6012
26.9	209.70465	260.9735	314.8234	367.833728	399.31645	411.52645	408.3495	385.79645	341.3335	284.571925	227.6196	197.997175
27	209.115	260.47	314.46	367.6911	399.355	411.655	408.45	385.755	341.07	284.1175	227.06	197.3925
27.1	208.52465	259.9655	314.0954	367.547308	399.39245	411.78245	408.5495	385.71245	340.8055	283.661925	226.4996	196.787175
27.2	207.9336	259.46	313.7296	367.402352	399.4288	411.9088	408.648	385.6688	340.54	283.2052	225.9384	196.1812
27.3	207.34185	258.9535	313.3626	367.256232	399.46405	412.03405	408.7455	385.62405	340.2735	282.747325	225.3764	195.574575
27.4	206.7494	258.446	312.9944	367.108948	399.4982	412.1582	408.842	385.5782	340.006	282.2883	224.8136	194.9673
27.5	206.15625	257.9375	312.625	366.9605	399.53125	412.28125	408.9375	385.53125	339.7375	281.828125	224.25	194.359375
27.6	205.5624	257.428	312.2544	366.810888	399.5632	412.4032	409.032	385.4832	339.468	281.3668	223.6856	193.7508
27.7	204.96785	256.9175	311.8826	366.660112	399.59405	412.52405	409.1255	385.43405	339.1975	280.904325	223.1204	193.141575
27.8	204.3726	256.406	311.5096	366.508172	399.6238	412.6438	409.218	385.3838	338.926	280.4407	222.5544	192.5317
27.9	203.77665	255.8935	311.1354	366.355068	399.65245	412.76245	409.3095	385.33245	338.6535	279.975925	221.9876	191.921175
28	203.18	255.38	310.76	366.2008	399.68	412.88	409.4	385.28	338.38	279.51	221.42	191.31
28.1	202.58265	254.8655	310.3834	366.045368	399.70645	412.99645	409.4895	385.22645	338.1055	279.042925	220.8516	190.698175
28.2	201.9846	254.35	310.0056	365.888772	399.7318	413.1118	409.578	385.1718	337.83	278.5747	220.2824	190.0857
28.3	201.38585	253.8335	309.6266	365.731012	399.75605	413.22605	409.6655	385.11605	337.5535	278.105325	219.7124	189.472575
28.4	200.7864	253.316	309.2464	365.572088	399.7792	413.3392	409.752	385.0592	337.276	277.6348	219.1416	188.8588
28.5	200.18625	252.7975	308.865	365.412	399.80125	413.45125	409.8375	385.00125	336.9975	277.163125	218.57	188.244375
28.6	199.5854	252.278	308.4824	365.250748	399.8222	413.5622	409.922	384.9422	336.718	276.6903	217.9976	187.6293
28.7	198.98385	251.7575	308.0986	365.088332	399.84205	413.67205	410.0055	384.88205	336.4375	276.216325	217.4244	187.013575
28.8	198.3816	251.236	307.7136	364.924752	399.8608	413.7808	410.088	384.8208	336.156	275.7412	216.8504	186.3972
28.9	197.77865	250.7135	307.3274	364.760008	399.87845	413.88845	410.1695	384.75845	335.8735	275.264925	216.2756	185.780175
29	197.175	250.19	306.94	364.5941	399.895	413.995	410.25	384.695	335.59	274.7875	215.7	185.1625
29.1	196.57065	249.6655	306.5514	364.427028	399.91045	414.10045	410.3295	384.63045	335.3055	274.308925	215.1236	184.544175
29.2	195.9656	249.14	306.1616	364.258792	399.9248	414.2048	410.408	384.5648	335.02	273.8292	214.5464	183.9252
29.3	195.35985	248.6135	305.7706	364.089392	399.93805	414.30805	410.4855	384.49805	334.7335	273.348325	213.9684	183.305575
29.4	194.7534	248.086	305.3784	363.918828	399.9502	414.4102	410.562	384.4302	334.446	272.8663	213.3896	182.6853
29.5	194.14625	247.5575	304.985	363.7471	399.96125	414.51125	410.6375	384.36125	334.1575	272.383125	212.81	182.064375
29.6	193.5384	247.028	304.5904	363.574208	399.9712	414.6112	410.712	384.2912	333.868	271.8988	212.2296	181.4428
29.7	192.92985	246.4975	304.1946	363.400152	399.98005	414.71005	410.7855	384.22005	333.5775	271.413325	211.6484	180.820575
29.8	192.3206	245.966	303.7976	363.224932	399.9878	414.8078	410.858	384.1478	333.286	270.9267	211.0664	180.1977
29.9	191.71065	245.4335	303.3994	363.048548	399.99445	414.90445	410.9295	384.07445	332.9935	270.438925	210.4836	179.574175
30	191	245.2	303	362.871	400	417	411	384	332.7	270	210.2	179
30.1	190.3901	244.6519	302.6195	362.692288	400.0194	417.09455	411.0695	383.8995	332.4055	269.53465	209.5921	178.3702
30.2	189.7804	244.1036	302.238	362.512412	400.0376	417.1882	411.138	383.798	332.11	269.0686	208.9844	177.7408
30.3	189.1709	243.5551	301.8555	362.331372	400.0546	417.28095	411.2055	383.6955	331.8135	268.60185	208.3769	177.1118
30.4	188.5616	243.0064	301.472	362.149168	400.0704	417.3728	411.272	383.592	331.516	268.1344	207.7696	176.4832
30.5	187.9525	242.4575	301.0875	361.9658	400.085	417.46375	411.3375	383.4875	331.2175	267.66625	207.1625	175.855
30.6	187.3436	241.9084	300.702	361.781268	400.0984	417.5538	411.402	383.382	330.918	267.1974	206.5556	175.2272
30.7	186.7349	241.3591	300.3155	361.595572	400.1106	417.64295	411.4655	383.2755	330.6175	266.72785	205.9489	174.5998
30.8	186.1264	240.8096	299.928	361.408712	400.1216	417.7312	411.528	383.168	330.316	266.2576	205.3424	173.9728
30.9	185.5181	240.2599	299.5395	361.220688	400.1314	417.81855	411.5895	383.0595	330.0135	265.78665	204.7361	173.3462
31	184.91	239.71	299.15	361.0315	400.14	417.905	411.65	382.95	329.71	265.315	204.13	172.72
31.1	184.3021	239.1599	298.7595	360.841148	400.1474	417.99055	411.7095	382.8395	329.4055	264.84265	203.5241	172.0942
31.2	183.6944	238.6096	298.368	360.649632	400.1536	418.0752	411.768	382.728	329.1	264.3696	202.9184	171.4688
31.3	183.0869	238.0591	297.9755	360.456952	400.1586	418.15895	411.8255	382.6155	328.7935	263.89585	202.3129	170.8438
31.4	182.4796	237.5084	297.582	360.263108	400.1624	418.2418	411.882	382.502	328.486	263.4214	201.7076	170.2192
31.5	181.8725	236.9575	297.1875	360.0681	400.165	418.32375	411.9375	382.3875	328.1775	262.94625	201.1025	169.595
31.6	181.2656	236.4064	296.792	359.871928	400.1664	418.4048	411.992	382.272	327.868	262.4704	200.4976	168.9712
31.7	180.6589	235.8551	296.3955	359.674592	400.1666	418.48495	412.0455	382.1555	327.5575	261.99385	199.8929	168.3478
31.8	180.0524	235.3036	295.998	359.476092	400.1656	418.5642	412.098	382.038	327.246	261.5166	199.2884	167.7248
31.9	179.4461	234.7519	295.5995	359.276428	400.1634	418.64255	412.1495	381.9195	326.9335	261.03865	198.6841	167.1022
32	178.84	234.2	295.2	359.0756	400.16	418.72	412.2	381.8	326.62	260.56	198.08	166.48
32.1	178.2341	233.6479	294.7995	358.873608	400.1554	418.79655	412.2495	381.6795	326.3055	260.08065	197.4761	165.8582
32.2	177.6284	233.0956	294.398	358.670452	400.1496	418.8722	412.298	381.558	325.99	259.6006	196.8724	165.2368
32.3	177.0229	232.5431	293.9955	358.466132	400.1426	418.94695	412.3455	381.4355	325.6735	259.11985	196.2689	164.6158
32.4	176.4176	231.9904	293.592	358.260648	400.1344	419.0208	412.392	381.312	325.356	258.6384	195.6656	163.9952
32.5	175.8125	231.4375	293.1875	358.054	400.125	419.09375	412.4375	381.1875	325.0375	258.15625	195.0625	163.375
32.6	175.2076	230.8844	292.782	357.846188	400.1144	419.1658	412.482	381.062	324.718	257.6734	194.4596	162.7552
32.7	174.6029	230.3311	292.3755	357.637212	400.1026	419.23695	412.5255	380.9355	324.3975	257.18985	193.8569	162.1358
32.8	173.9984	229.7776	291.968	357.427072	400.0896	419.3072	412.568	380.808	324.076	256.7056	193.2544	161.5168
32.9	173.3941	229.2239	291.5595	357.215768	400.0754	419.37655	412.6095	380.6795	323.7535	256.22065	192.6521	160.8982
33	172.79	228.67	291.15	357.0033	400.06	419.445	412.65	380.55	323.43	255.735	192.05	160.28
33.1	172.1861	228.1159	290.7395	356.789668	400.0434	419.51255	412.6895	380.4195	323.1055	255.24865	191.4481	159.6622
33.2	171.5824	227.5616	290.328	356.574872	400.0256	419.5792	412.728	380.288	322.78	254.7616	190.8464	159.0448
33.3	170.9789	227.0071	289.9155	356.358912	400.0066	419.64495	412.7655	380.1555	322.4535	254.27385	190.2449	158.4278
33.4	170.3756	226.4524	289.502	356.141788	399.9864	419.7098	412.802	380.022	322.126	253.7854	189.6436	157.8112
33.5	169.7725	225.8975	289.0875	355.9235	399.965	419.77375	412.8375	379.8875	321.7975	253.29625	189.0425	157.195
33.6	169.1696	225.3424	288.672	355.704048	399.9424	419.8368	412.872	379.752	321.468	252.8064	188.4416	156.5792
33.7	168.5669	224.7871	288.2555	355.483432	399.9186	419.89895	412.9055	379.6155	321.1375	252.31585	187.8409	155.9638
33.8	167.9644	224.2316	287.838	355.261652	399.8936	419.9602	412.938	379.478	320.806	251.8246	187.2404	155.3488
33.9	167.3621	223.6759	287.4195	355.038708	399.8674	420.02055	412.9695	379.3395	320.4735	251.33265	186.6401	154.7342
34	166.76	223.12	287	354.8146	399.84	420.08	413	379.2	320.14	250.84	186.04	154.12
34.1	166.1581	222.5639	286.5795	354.589328	399.8114	420.13855	413.0295	379.0595	319.8055	250.34665	185.4401	153.5062
34.2	165.5564	222.0076	286.158	354.362892	399.7816	420.1962	413.058	378.918	319.47	249.8526	184.8404	152.8928
34.3	164.9549	221.4511	285.7355	354.135292	399.7506	420.25295	413.0855	378.7755	319.1335	249.35785	184.2409	152.2798
34.4	164.3536	220.8944	285.312	353.906528	399.7184	420.3088	413.112	378.632	318.796	248.8624	183.6416	151.6672
34.5	163.7525	220.3375	284.8875	353.6766	399.685	420.36375	413.1375	378.4875	318.4575	248.36625	183.0425	151.055
34.6	163.1516	219.7804	284.462	353.445508	399.6504	420.4178	413.162	378.342	318.118	247.8694	182.4436	150.4432
34.7	162.5509	219.2231	284.0355	353.213252	399.6146	420.47095	413.1855	378.1955	317.7775	247.37185	181.8449	149.8318
34.8	161.9504	218.6656	283.608	352.979832	399.5776	420.5232	413.208	378.048	317.436	246.8736	181.2464	149.2208
34.9	161.3501	218.1079	283.1795	352.745248	399.5394	420.57455	413.2295	377.8995	317.0935	246.37465	180.6481	148.6102
35	160.75	217.55	282.75	352.5095	399.5	420.625	413.25	377.75	316.75	245.875	180.05	148
35.1	160.1501	216.9919	282.3195	352.272588	399.4594	420.67455	413.2695	377.5995	316.4055	245.37465	179.4521	147.3902
35.2	159.5504	216.4336	281.888	352.034512	399.4176	420.7232	413.288	377.448	316.06	244.8736	178.8544	146.7808
35.3	158.9509	215.8751	281.4555	351.795272	399.3746	420.77095	413.3055	377.2955	315.7135	244.37185	178.2569	146.1718
35.4	158.3516	215.3164	281.022	351.554868	399.3304	420.8178	413.322	377.142	315.366	243.8694	177.6596	145.5632
35.5	157.7525	214.7575	280.5875	351.3133	399.285	420.86375	413.3375	376.9875	315.0175	243.36625	177.0625	144.955
35.6	157.1536	214.1984	280.152	351.070568	399.2384	420.9088	413.352	376.832	314.668	242.8624	176.4656	144.3472
35.7	156.5549	213.6391	279.7155	350.826672	399.1906	420.95295	413.3655	376.6755	314.3175	242.35785	175.8689	143.7398
35.8	155.9564	213.0796	279.278	350.581612	399.1416	420.9962	413.378	376.518	313.966	241.8526	175.2724	143.1328
35.9	155.3581	212.5199	278.8395	350.335388	399.0914	421.03855	413.3895	376.3595	313.6135	241.34665	174.6761	142.5262
36	154.76	211.96	278.4	350.088	399.04	421.08	413.4	376.2	313.26	240.84	174.08	141.92
36.1	154.1621	211.3999	277.9595	349.839448	398.9874	421.12055	413.4095	376.0395	312.9055	240.33265	173.4841	141.3142
36.2	153.5644	210.8396	277.518	349.589732	398.9336	421.1602	413.418	375.878	312.55	239.8246	172.8884	140.7088
36.3	152.9669	210.2791	277.0755	349.338852	398.8786	421.19895	413.4255	375.7155	312.1935	239.31585	172.2929	140.1038
36.4	152.3696	209.7184	276.632	349.086808	398.8224	421.2368	413.432	375.552	311.836	238.8064	171.6976	139.4992
36.5	151.7725	209.1575	276.1875	348.8336	398.765	421.27375	413.4375	375.3875	311.4775	238.29625	171.1025	138.895
36.6	151.1756	208.5964	275.742	348.579228	398.7064	421.3098	413.442	375.222	311.118	237.7854	170.5076	138.2912
36.7	150.5789	208.0351	275.2955	348.323692	398.6466	421.34495	413.4455	375.0555	310.7575	237.27385	169.9129	137.6878
36.8	149.9824	207.4736	274.848	348.066992	398.5856	421.3792	413.448	374.888	310.396	236.7616	169.3184	137.0848
36.9	149.3861	206.9119	274.3995	347.809128	398.5234	421.41255	413.4495	374.7195	310.0335	236.24865	168.7241	136.4822
37	148.79	206.35	273.95	347.5501	398.46	421.445	413.45	374.55	309.67	235.735	168.13	135.88
37.1	148.1941	205.7879	273.4995	347.289908	398.3954	421.47655	413.4495	374.3795	309.3055	235.22065	167.5361	135.2782
37.2	147.5984	205.2256	273.048	347.028552	398.3296	421.5072	413.448	374.208	308.94	234.7056	166.9424	134.6768
37.3	147.0029	204.6631	272.5955	346.766032	398.2626	421.53695	413.4455	374.0355	308.5735	234.18985	166.3489	134.0758
37.4	146.4076	204.1004	272.142	346.502348	398.1944	421.5658	413.442	373.862	308.206	233.6734	165.7556	133.4752
37.5	145.8125	203.5375	271.6875	346.2375	398.125	421.59375	413.4375	373.6875	307.8375	233.15625	165.1625	132.875
37.6	145.2176	202.9744	271.232	345.971488	398.0544	421.6208	413.432	373.512	307.468	232.6384	164.5696	132.2752
37.7	144.6229	202.4111	270.7755	345.704312	397.9826	421.64695	413.4255	373.3355	307.0975	232.11985	163.9769	131.6758
37.8	144.0284	201.8476	270.318	345.435972	397.9096	421.6722	413.418	373.158	306.726	231.6006	163.3844	131.0768
37.9	143.4341	201.2839	269.8595	345.166468	397.8354	421.69655	413.4095	372.9795	306.3535	231.08065	162.7921	130.4782
38	142.84	200.72	269.4	344.8958	397.76	421.72	413.4	372.8	305.98	230.56	162.2	129.88
38.1	142.2461	200.1559	268.9395	344.623968	397.6834	421.74255	413.3895	372.6195	305.6055	230.03865	161.6081	129.2822
38.2	141.6524	199.5916	268.478	344.350972	397.6056	421.7642	413.378	372.438	305.23	229.5166	161.0164	128.6848
38.3	141.0589	199.0271	268.0155	344.076812	397.5266	421.78495	413.3655	372.2555	304.8535	228.99385	160.4249	128.0878
38.4	140.4656	198.4624	267.552	343.801488	397.4464	421.8048	413.352	372.072	304.476	228.4704	159.8336	127.4912
38.5	139.8725	197.8975	267.0875	343.525	397.365	421.82375	413.3375	371.8875	304.0975	227.94625	159.2425	126.895
38.6	139.2796	197.3324	266.622	343.247348	397.2824	421.8418	413.322	371.702	303.718	227.4214	158.6516	126.2992
38.7	138.6869	196.7671	266.1555	342.968532	397.1986	421.85895	413.3055	371.5155	303.3375	226.89585	158.0609	125.7038
38.8	138.0944	196.2016	265.688	342.688552	397.1136	421.8752	413.288	371.328	302.956	226.3696	157.4704	125.1088
38.9	137.5021	195.6359	265.2195	342.407408	397.0274	421.89055	413.2695	371.1395	302.5735	225.84265	156.8801	124.5142
39	136.91	195.07	264.75	342.1251	396.94	421.905	413.25	370.95	302.19	225.315	156.29	123.92
39.1	136.3181	194.5039	264.2795	341.841628	396.8514	421.91855	413.2295	370.7595	301.8055	224.78665	155.7001	123.3262
39.2	135.7264	193.9376	263.808	341.556992	396.7616	421.9312	413.208	370.568	301.42	224.2576	155.1104	122.7328
39.3	135.1349	193.3711	263.3355	341.271192	396.6706	421.94295	413.1855	370.3755	301.0335	223.72785	154.5209	122.1398
39.4	134.5436	192.8044	262.862	340.984228	396.5784	421.9538	413.162	370.182	300.646	223.1974	153.9316	121.5472
39.5	133.9525	192.2375	262.3875	340.6961	396.485	421.96375	413.1375	369.9875	300.2575	222.66625	153.3425	120.955
39.6	133.3616	191.6704	261.912	340.406808	396.3904	421.9728	413.112	369.792	299.868	222.1344	152.7536	120.3632
39.7	132.7709	191.1031	261.4355	340.116352	396.2946	421.98095	413.0855	369.5955	299.4775	221.60185	152.1649	119.7718
39.8	132.1804	190.5356	260.958	339.824732	396.1976	421.9882	413.058	369.398	299.086	221.0686	151.5764	119.1808
39.9	131.5901	189.9679	260.4795	339.531948	396.0994	421.99455	413.0295	369.1995	298.6935	220.53465	150.9881	118.5902
40	131	189.4	260	339.238	396	422	413	369	298.3	220	150.4	118
40.1	130.4101	188.8319	259.5195	338.942888	395.8994	422.00455	412.9695	368.7995	297.9055	219.46465	149.8121	117.4102
40.2	129.8204	188.2636	259.038	338.646612	395.7976	422.0082	412.938	368.598	297.51	218.9286	149.2244	116.8208
40.3	129.2309	187.6951	258.5555	338.349172	395.6946	422.01095	412.9055	368.3955	297.1135	218.39185	148.6369	116.2318
40.4	128.6416	187.1264	258.072	338.050568	395.5904	422.0128	412.872	368.192	296.716	217.8544	148.0496	115.6432
40.5	128.0525	186.5575	257.5875	337.7508	395.485	422.01375	412.8375	367.9875	296.3175	217.31625	147.4625	115.055
40.6	127.4636	185.9884	257.102	337.449868	395.3784	422.0138	412.802	367.782	295.918	216.7774	146.8756	114.4672
40.7	126.8749	185.4191	256.6155	337.147772	395.2706	422.01295	412.7655	367.5755	295.5175	216.23785	146.2889	113.8798
40.8	126.2864	184.8496	256.128	336.844512	395.1616	422.0112	412.728	367.368	295.116	215.6976	145.7024	113.2928
40.9	125.6981	184.2799	255.6395	336.540088	395.0514	422.00855	412.6895	367.1595	294.7135	215.15665	145.1161	112.7062
41	125.11	183.71	255.15	336.2345	394.94	422.005	412.65	366.95	294.31	214.615	144.53	112.12
41.1	124.5221	183.1399	254.6595	335.927748	394.8274	422.00055	412.6095	366.7395	293.9055	214.07265	143.9441	111.5342
41.2	123.9344	182.5696	254.168	335.619832	394.7136	421.9952	412.568	366.528	293.5	213.5296	143.3584	110.9488
41.3	123.3469	181.9991	253.6755	335.310752	394.5986	421.98895	412.5255	366.3155	293.0935	212.98585	142.7729	110.3638
41.4	122.7596	181.4284	253.182	335.000508	394.4824	421.9818	412.482	366.102	292.686	212.4414	142.1876	109.7792
41.5	122.1725	180.8575	252.6875	334.6891	394.365	421.97375	412.4375	365.8875	292.2775	211.89625	141.6025	109.195
41.6	121.5856	180.2864	252.192	334.376528	394.2464	421.9648	412.392	365.672	291.868	211.3504	141.0176	108.6112
41.7	120.9989	179.7151	251.6955	334.062792	394.1266	421.95495	412.3455	365.4555	291.4575	210.80385	140.4329	108.0278
41.8	120.4124	179.1436	251.198	333.747892	394.0056	421.9442	412.298	365.238	291.046	210.2566	139.8484	107.4448
41.9	119.8261	178.5719	250.6995	333.431828	393.8834	421.93255	412.2495	365.0195	290.6335	209.70865	139.2641	106.8622
42	119.24	178	250.2	333.1146	393.76	421.92	412.2	364.8	290.22	209.16	138.68	106.28
42.1	118.6541	177.4279	249.6995	332.796208	393.6354	421.90655	412.1495	364.5795	289.8055	208.61065	138.0961	105.6982
42.2	118.0684	176.8556	249.198	332.476652	393.5096	421.8922	412.098	364.358	289.39	208.0606	137.5124	105.1168
42.3	117.4829	176.2831	248.6955	332.155932	393.3826	421.87695	412.0455	364.1355	288.9735	207.50985	136.9289	104.5358
42.4	116.8976	175.7104	248.192	331.834048	393.2544	421.8608	411.992	363.912	288.556	206.9584	136.3456	103.9552
42.5	116.3125	175.1375	247.6875	331.511	393.125	421.84375	411.9375	363.6875	288.1375	206.40625	135.7625	103.375
42.6	115.7276	174.5644	247.182	331.186788	392.9944	421.8258	411.882	363.462	287.718	205.8534	135.1796	102.7952
42.7	115.1429	173.9911	246.6755	330.861412	392.8626	421.80695	411.8255	363.2355	287.2975	205.29985	134.5969	102.2158
42.8	114.5584	173.4176	246.168	330.534872	392.7296	421.7872	411.768	363.008	286.876	204.7456	134.0144	101.6368
42.9	113.9741	172.8439	245.6595	330.207168	392.5954	421.76655	411.7095	362.7795	286.4535	204.19065	133.4321	101.0582
43	113.39	172.27	245.15	329.8783	392.46	421.745	411.65	362.55	286.03	203.635	132.85	100.48
43.1	112.8061	171.6959	244.6395	329.548268	392.3234	421.72255	411.5895	362.3195	285.6055	203.07865	132.2681	99.9022
43.2	112.2224	171.1216	244.128	329.217072	392.1856	421.6992	411.528	362.088	285.18	202.5216	131.6864	99.3248
43.3	111.6389	170.5471	243.6155	328.884712	392.0466	421.67495	411.4655	361.8555	284.7535	201.96385	131.1049	98.7478
43.4	111.0556	169.9724	243.102	328.551188	391.9064	421.6498	411.402	361.622	284.326	201.4054	130.5236	98.1712
43.5	110.4725	169.3975	242.5875	328.2165	391.765	421.62375	411.3375	361.3875	283.8975	200.84625	129.9425	97.595
43.6	109.8896	168.8224	242.072	327.880648	391.6224	421.5968	411.272	361.152	283.468	200.2864	129.3616	97.0192
43.7	109.3069	168.2471	241.5555	327.543632	391.4786	421.56895	411.2055	360.9155	283.0375	199.72585	128.7809	96.4438
43.8	108.7244	167.6716	241.038	327.205452	391.3336	421.5402	411.138	360.678	282.606	199.1646	128.2004	95.8688
43.9	108.1421	167.0959	240.5195	326.866108	391.1874	421.51055	411.0695	360.4395	282.1735	198.60265	127.6201	95.2942
44	107.56	166.52	240	326.5256	391.04	421.48	411	360.2	281.74	198.04	127.04	94.72
44.1	106.9781	165.9439	239.4795	326.183928	390.8914	421.44855	410.9295	359.9595	281.3055	197.47665	126.4601	94.1462
44.2	106.3964	165.3676	238.958	325.841092	390.7416	421.4162	410.858	359.718	280.87	196.9126	125.8804	93.5728
44.3	105.8149	164.7911	238.4355	325.497092	390.5906	421.38295	410.7855	359.4755	280.4335	196.34785	125.3009	92.9998
44.4	105.2336	164.2144	237.912	325.151928	390.4384	421.3488	410.712	359.232	279.996	195.7824	124.7216	92.4272
44.5	104.6525	163.6375	237.3875	324.8056	390.285	421.31375	410.6375	358.9875	279.5575	195.21625	124.1425	91.855
44.6	104.0716	163.0604	236.862	324.458108	390.1304	421.2778	410.562	358.742	279.118	194.6494	123.5636	91.2832
44.7	103.4909	162.4831	236.3355	324.109452	389.9746	421.24095	410.4855	358.4955	278.6775	194.08185	122.9849	90.7118
44.8	102.9104	161.9056	235.808	323.759632	389.8176	421.2032	410.408	358.248	278.236	193.5136	122.4064	90.1408
44.9	102.3301	161.3279	235.2795	323.408648	389.6594	421.16455	410.3295	357.9995	277.7935	192.94465	121.8281	89.5702
45	101.75	160.75	234.75	323.0565	389.5	421.125	410.25	357.75	277.35	192.375	121.25	89
45.1	101.1701	160.1719	234.2195	322.703188	389.3394	421.08455	410.1695	357.4995	276.9055	191.80465	120.6721	88.4302
45.2	100.5904	159.5936	233.688	322.348712	389.1776	421.0432	410.088	357.248	276.46	191.2336	120.0944	87.8608
45.3	100.0109	159.0151	233.1555	321.993072	389.0146	421.00095	410.0055	356.9955	276.0135	190.66185	119.5169	87.2918
45.4	99.4316	158.4364	232.622	321.636268	388.8504	420.9578	409.922	356.742	275.566	190.0894	118.9396	86.7232
45.5	98.8525	157.8575	232.0875	321.2783	388.685	420.91375	409.8375	356.4875	275.1175	189.51625	118.3625	86.155
45.6	98.2736	157.2784	231.552	320.919168	388.5184	420.8688	409.752	356.232	274.668	188.9424	117.7856	85.5872
45.7	97.6949	156.6991	231.0155	320.558872	388.3506	420.82295	409.6655	355.9755	274.2175	188.36785	117.2089	85.0198
45.8	97.1164	156.1196	230.478	320.197412	388.1816	420.7762	409.578	355.718	273.766	187.7926	116.6324	84.4528
45.9	96.5381	155.5399	229.9395	319.834788	388.0114	420.72855	409.4895	355.4595	273.3135	187.21665	116.0561	83.8862
46	95.96	154.96	229.4	319.471	387.84	420.68	409.4	355.2	272.86	186.64	115.48	83.32
46.1	95.3821	154.3799	228.8595	319.106048	387.6674	420.63055	409.3095	354.9395	272.4055	186.06265	114.9041	82.7542
46.2	94.8044	153.7996	228.318	318.739932	387.4936	420.5802	409.218	354.678	271.95	185.4846	114.3284	82.1888
46.3	94.2269	153.2191	227.7755	318.372652	387.3186	420.52895	409.1255	354.4155	271.4935	184.90585	113.7529	81.6238
46.4	93.6496	152.6384	227.232	318.004208	387.1424	420.4768	409.032	354.152	271.036	184.3264	113.1776	81.0592
46.5	93.0725	152.0575	226.6875	317.6346	386.965	420.42375	408.9375	353.8875	270.5775	183.74625	112.6025	80.495
46.6	92.4956	151.4764	226.142	317.263828	386.7864	420.3698	408.842	353.622	270.118	183.1654	112.0276	79.9312
46.7	91.9189	150.8951	225.5955	316.891892	386.6066	420.31495	408.7455	353.3555	269.6575	182.58385	111.4529	79.3678
46.8	91.3424	150.3136	225.048	316.518792	386.4256	420.2592	408.648	353.088	269.196	182.0016	110.8784	78.8048
46.9	90.7661	149.7319	224.4995	316.144528	386.2434	420.20255	408.5495	352.8195	268.7335	181.41865	110.3041	78.2422
47	90.19	149.15	223.95	315.7691	386.06	420.145	408.45	352.55	268.27	180.835	109.73	77.68
47.1	89.6141	148.5679	223.3995	315.392508	385.8754	420.08655	408.3495	352.2795	267.8055	180.25065	109.1561	77.1182
47.2	89.0384	147.9856	222.848	315.014752	385.6896	420.0272	408.248	352.008	267.34	179.6656	108.5824	76.5568
47.3	88.4629	147.4031	222.2955	314.635832	385.5026	419.96695	408.1455	351.7355	266.8735	179.07985	108.0089	75.9958
47.4	87.8876	146.8204	221.742	314.255748	385.3144	419.9058	408.042	351.462	266.406	178.4934	107.4356	75.4352
47.5	87.3125	146.2375	221.1875	313.8745	385.125	419.84375	407.9375	351.1875	265.9375	177.90625	106.8625	74.875
47.6	86.7376	145.6544	220.632	313.492088	384.9344	419.7808	407.832	350.912	265.468	177.3184	106.2896	74.3152
47.7	86.1629	145.0711	220.0755	313.108512	384.7426	419.71695	407.7255	350.6355	264.9975	176.72985	105.7169	73.7558
47.8	85.5884	144.4876	219.518	312.723772	384.5496	419.6522	407.618	350.358	264.526	176.1406	105.1444	73.1968
47.9	85.0141	143.9039	218.9595	312.337868	384.3554	419.58655	407.5095	350.0795	264.0535	175.55065	104.5721	72.6382
48	84.44	143.32	218.4	311.9508	384.16	419.52	407.4	349.8	263.58	174.96	104	72.08
48.1	83.8661	142.7359	217.8395	311.562568	383.9634	419.45255	407.2895	349.5195	263.1055	174.36865	103.4281	71.5222
48.2	83.2924	142.1516	217.278	311.173172	383.7656	419.3842	407.178	349.238	262.63	173.7766	102.8564	70.9648
48.3	82.7189	141.5671	216.7155	310.782612	383.5666	419.31495	407.0655	348.9555	262.1535	173.18385	102.2849	70.4078
48.4	82.1456	140.9824	216.152	310.390888	383.3664	419.2448	406.952	348.672	261.676	172.5904	101.7136	69.8512
48.5	81.5725	140.3975	215.5875	309.998	383.165	419.17375	406.8375	348.3875	261.1975	171.99625	101.1425	69.295
48.6	80.9996	139.8124	215.022	309.603948	382.9624	419.1018	406.722	348.102	260.718	171.4014	100.5716	68.7392
48.7	80.4269	139.2271	214.4555	309.208732	382.7586	419.02895	406.6055	347.8155	260.2375	170.80585	100.0009	68.1838
48.8	79.8544	138.6416	213.888	308.812352	382.5536	418.9552	406.488	347.528	259.756	170.2096	99.4304	67.6288
48.9	79.2821	138.0559	213.3195	308.414808	382.3474	418.88055	406.3695	347.2395	259.2735	169.61265	98.8601	67.0742
49	78.71	137.47	212.75	308.0161	382.14	418.805	406.25	346.95	258.79	169.015	98.29	66.52
49.1	78.1381	136.8839	212.1795	307.616228	381.9314	418.72855	406.1295	346.6595	258.3055	168.41665	97.7201	65.9662
49.2	77.5664	136.2976	211.608	307.215192	381.7216	418.6512	406.008	346.368	257.82	167.8176	97.1504	65.4128
49.3	76.9949	135.7111	211.0355	306.812992	381.5106	418.57295	405.8855	346.0755	257.3335	167.21785	96.5809	64.8598
49.4	76.4236	135.1244	210.462	306.409628	381.2984	418.4938	405.762	345.782	256.846	166.6174	96.0116	64.3072
49.5	75.8525	134.5375	209.8875	306.0051	381.085	418.41375	405.6375	345.4875	256.3575	166.01625	95.4425	63.755
49.6	75.2816	133.9504	209.312	305.599408	380.8704	418.3328	405.512	345.192	255.868	165.4144	94.8736	63.2032
49.7	74.7109	133.3631	208.7355	305.192552	380.6546	418.25095	405.3855	344.8955	255.3775	164.81185	94.3049	62.6518
49.8	74.1404	132.7756	208.158	304.784532	380.4376	418.1682	405.258	344.598	254.886	164.2086	93.7364	62.1008
49.9	73.5701	132.1879	207.5795	304.375348	380.2194	418.08455	405.1295	344.2995	254.3935	163.60465	93.1681	61.5502
50	73	131.6	207.05	304	380	418	405	344	253.9	163	92.6	61
50.1	72.34645	131.0119	206.475425	303.59465	379.76495	417.8505	404.80535	343.6995	253.4055	162.3901	92.0321	60.36665
50.2	71.6958	130.4236	205.9007	303.1886	379.5298	417.702	404.6114	343.398	252.91	161.7804	91.4644	59.7366
50.3	71.04805	129.8351	205.325825	302.78185	379.29455	417.5545	404.41815	343.0955	252.4135	161.1709	90.8969	59.10985
50.4	70.4032	129.2464	204.7508	302.3744	379.0592	417.408	404.2256	342.792	251.916	160.5616	90.3296	58.4864
50.5	69.76125	128.6575	204.175625	301.96625	378.82375	417.2625	404.03375	342.4875	251.4175	159.9525	89.7625	57.86625
50.6	69.1222	128.0684	203.6003	301.5574	378.5882	417.118	403.8426	342.182	250.918	159.3436	89.1956	57.2494
50.7	68.48605	127.4791	203.024825	301.14785	378.35255	416.9745	403.65215	341.8755	250.4175	158.7349	88.6289	56.63585
50.8	67.8528	126.8896	202.4492	300.7376	378.1168	416.832	403.4624	341.568	249.916	158.1264	88.0624	56.0256
50.9	67.22245	126.2999	201.873425	300.32665	377.88095	416.6905	403.27335	341.2595	249.4135	157.5181	87.4961	55.41865
51	66.595	125.71	201.2975	299.915	377.645	416.55	403.085	340.95	248.91	156.91	86.93	54.815
51.1	65.97045	125.1199	200.721425	299.50265	377.40895	416.4105	402.89735	340.6395	248.4055	156.3021	86.3641	54.21465
51.2	65.3488	124.5296	200.1452	299.0896	377.1728	416.272	402.7104	340.328	247.9	155.6944	85.7984	53.6176
51.3	64.73005	123.9391	199.568825	298.67585	376.93655	416.1345	402.52415	340.0155	247.3935	155.0869	85.2329	53.02385
51.4	64.1142	123.3484	198.9923	298.2614	376.7002	415.998	402.3386	339.702	246.886	154.4796	84.6676	52.4334
51.5	63.50125	122.7575	198.415625	297.84625	376.46375	415.8625	402.15375	339.3875	246.3775	153.8725	84.1025	51.84625
51.6	62.8912	122.1664	197.8388	297.4304	376.2272	415.728	401.9696	339.072	245.868	153.2656	83.5376	51.2624
51.7	62.28405	121.5751	197.261825	297.01385	375.99055	415.5945	401.78615	338.7555	245.3575	152.6589	82.9729	50.68185
51.8	61.6798	120.9836	196.6847	296.5966	375.7538	415.462	401.6034	338.438	244.846	152.0524	82.4084	50.1046
51.9	61.07845	120.3919	196.107425	296.17865	375.51695	415.3305	401.42135	338.1195	244.3335	151.4461	81.8441	49.53065
52	60.48	119.8	195.53	295.76	375.28	415.2	401.24	337.8	243.82	150.84	81.28	48.96
52.1	59.88445	119.2079	194.952425	295.34065	375.04295	415.0705	401.05935	337.4795	243.3055	150.2341	80.7161	48.39265
52.2	59.2918	118.6156	194.3747	294.9206	374.8058	414.942	400.8794	337.158	242.79	149.6284	80.1524	47.8286
52.3	58.70205	118.0231	193.796825	294.49985	374.56855	414.8145	400.70015	336.8355	242.2735	149.0229	79.5889	47.26785
52.4	58.1152	117.4304	193.2188	294.0784	374.3312	414.688	400.5216	336.512	241.756	148.4176	79.0256	46.7104
52.5	57.53125	116.8375	192.640625	293.65625	374.09375	414.5625	400.34375	336.1875	241.2375	147.8125	78.4625	46.15625
52.6	56.9502	116.2444	192.0623	293.2334	373.8562	414.438	400.1666	335.862	240.718	147.2076	77.8996	45.6054
52.7	56.37205	115.6511	191.483825	292.80985	373.61855	414.3145	399.99015	335.5355	240.1975	146.6029	77.3369	45.05785
52.8	55.7968	115.0576	190.9052	292.3856	373.3808	414.192	399.8144	335.208	239.676	145.9984	76.7744	44.5136
52.9	55.22445	114.4639	190.326425	291.96065	373.14295	414.0705	399.63935	334.8795	239.1535	145.3941	76.2121	43.97265
53	54.655	113.87	189.7475	291.535	372.905	413.95	399.465	334.55	238.63	144.79	75.65	43.435
53.1	54.08845	113.2759	189.168425	291.10865	372.66695	413.8305	399.29135	334.2195	238.1055	144.1861	75.0881	42.90065
53.2	53.5248	112.6816	188.5892	290.6816	372.4288	413.712	399.1184	333.888	237.58	143.5824	74.5264	42.3696
53.3	52.96405	112.0871	188.009825	290.25385	372.19055	413.5945	398.94615	333.5555	237.0535	142.9789	73.9649	41.84185
53.4	52.4062	111.4924	187.4303	289.8254	371.9522	413.478	398.7746	333.222	236.526	142.3756	73.4036	41.3174
53.5	51.85125	110.8975	186.850625	289.39625	371.71375	413.3625	398.60375	332.8875	235.9975	141.7725	72.8425	40.79625
53.6	51.2992	110.3024	186.2708	288.9664	371.4752	413.248	398.4336	332.552	235.468	141.1696	72.2816	40.2784
53.7	50.75005	109.7071	185.690825	288.53585	371.23655	413.1345	398.26415	332.2155	234.9375	140.5669	71.7209	39.76385
53.8	50.2038	109.1116	185.1107	288.1046	370.9978	413.022	398.0954	331.878	234.406	139.9644	71.1604	39.2526
53.9	49.66045	108.5159	184.530425	287.67265	370.75895	412.9105	397.92735	331.5395	233.8735	139.3621	70.6001	38.74465
54	49.12	107.92	183.95	287.24	370.52	412.8	397.76	331.2	233.34	138.76	70.04	38.24
54.1	48.58245	107.3239	183.369425	286.80665	370.28095	412.6905	397.59335	330.8595	232.8055	138.1581	69.4801	37.73865
54.2	48.0478	106.7276	182.7887	286.3726	370.0418	412.582	397.4274	330.518	232.27	137.5564	68.9204	37.2406
54.3	47.51605	106.1311	182.207825	285.93785	369.80255	412.4745	397.26215	330.1755	231.7335	136.9549	68.3609	36.74585
54.4	46.9872	105.5344	181.6268	285.5024	369.5632	412.368	397.0976	329.832	231.196	136.3536	67.8016	36.2544
54.5	46.46125	104.9375	181.045625	285.06625	369.32375	412.2625	396.93375	329.4875	230.6575	135.7525	67.2425	35.76625
54.6	45.9382	104.3404	180.4643	284.6294	369.0842	412.158	396.7706	329.142	230.118	135.1516	66.6836	35.2814
54.7	45.41805	103.7431	179.882825	284.19185	368.84455	412.0545	396.60815	328.7955	229.5775	134.5509	66.1249	34.79985
54.8	44.9008	103.1456	179.3012	283.7536	368.6048	411.952	396.4464	328.448	229.036	133.9504	65.5664	34.3216
54.9	44.38645	102.5479	178.719425	283.31465	368.36495	411.8505	396.28535	328.0995	228.4935	133.3501	65.0081	33.84665
55	43.875	101.95	178.1375	282.875	368.125	411.75	396.125	327.75	227.95	132.75	64.45	33.375
55.1	43.36645	101.3519	177.555425	282.43465	367.88495	411.6505	395.96535	327.3995	227.4055	132.1501	63.8921	32.90665
55.2	42.8608	100.7536	176.9732	281.9936	367.6448	411.552	395.8064	327.048	226.86	131.5504	63.3344	32.4416
55.3	42.35805	100.1551	176.390825	281.55185	367.40455	411.4545	395.64815	326.6955	226.3135	130.9509	62.7769	31.97985
55.4	41.8582	99.5564	175.8083	281.1094	367.1642	411.358	395.4906	326.342	225.766	130.3516	62.2196	31.5214
55.5	41.36125	98.9575	175.225625	280.66625	366.92375	411.2625	395.33375	325.9875	225.2175	129.7525	61.6625	31.06625
55.6	40.8672	98.3584	174.6428	280.2224	366.6832	411.168	395.1776	325.632	224.668	129.1536	61.1056	30.6144
55.7	40.37605	97.7591	174.059825	279.77785	366.44255	411.0745	395.02215	325.2755	224.1175	128.5549	60.5489	30.16585
55.8	39.8878	97.1596	173.4767	279.3326	366.2018	410.982	394.8674	324.918	223.566	127.9564	59.9924	29.7206
55.9	39.40245	96.5599	172.893425	278.88665	365.96095	410.8905	394.71335	324.5595	223.0135	127.3581	59.4361	29.27865
56	38.92	95.96	172.31	278.44	365.72	410.8	394.56	324.2	222.46	126.76	58.88	28.84
56.1	38.44045	95.3599	171.726425	277.99265	365.47895	410.7105	394.40735	323.8395	221.9055	126.1621	58.3241	28.40465
56.2	37.9638	94.7596	171.1427	277.5446	365.2378	410.622	394.2554	323.478	221.35	125.5644	57.7684	27.9726
56.3	37.49005	94.1591	170.558825	277.09585	364.99655	410.5345	394.10415	323.1155	220.7935	124.9669	57.2129	27.54385
56.4	37.0192	93.5584	169.9748	276.6464	364.7552	410.448	393.9536	322.752	220.236	124.3696	56.6576	27.1184
56.5	36.55125	92.9575	169.390625	276.19625	364.51375	410.3625	393.80375	322.3875	219.6775	123.7725	56.1025	26.69625
56.6	36.0862	92.3564	168.8063	275.7454	364.2722	410.278	393.6546	322.022	219.118	123.1756	55.5476	26.2774
56.7	35.62405	91.7551	168.221825	275.29385	364.03055	410.1945	393.50615	321.6555	218.5575	122.5789	54.9929	25.86185
56.8	35.1648	91.1536	167.6372	274.8416	363.7888	410.112	393.3584	321.288	217.996	121.9824	54.4384	25.4496
56.9	34.70845	90.5519	167.052425	274.38865	363.54695	410.0305	393.21135	320.9195	217.4335	121.3861	53.8841	25.04065
57	34.255	89.95	166.4675	273.935	363.305	409.95	393.065	320.55	216.87	120.79	53.33	24.635
57.1	33.80445	89.3479	165.882425	273.48065	363.06295	409.8705	392.91935	320.1795	216.3055	120.1941	52.7761	24.23265
57.2	33.3568	88.7456	165.2972	273.0256	362.8208	409.792	392.7744	319.808	215.74	119.5984	52.2224	23.8336
57.3	32.91205	88.1431	164.711825	272.56985	362.57855	409.7145	392.63015	319.4355	215.1735	119.0029	51.6689	23.43785
57.4	32.4702	87.5404	164.1263	272.1134	362.3362	409.638	392.4866	319.062	214.606	118.4076	51.1156	23.0454
57.5	32.03125	86.9375	163.540625	271.65625	362.09375	409.5625	392.34375	318.6875	214.0375	117.8125	50.5625	22.65625
57.6	31.5952	86.3344	162.9548	271.1984	361.8512	409.488	392.2016	318.312	213.468	117.2176	50.0096	22.2704
57.7	31.16205	85.7311	162.368825	270.73985	361.60855	409.4145	392.06015	317.9355	212.8975	116.6229	49.4569	21.88785
57.8	30.7318	85.1276	161.7827	270.2806	361.3658	409.342	391.9194	317.558	212.326	116.0284	48.9044	21.5086
57.9	30.30445	84.5239	161.196425	269.82065	361.12295	409.2705	391.77935	317.1795	211.7535	115.4341	48.3521	21.13265
58	29.88	83.92	160.61	269.36	360.88	409.2	391.64	316.8	211.18	114.84	47.8	20.76
58.1	29.45845	83.3159	160.023425	268.89865	360.63695	409.1305	391.50135	316.4195	210.6055	114.2461	47.2481	20.39065
58.2	29.0398	82.7116	159.4367	268.4366	360.3938	409.062	391.3634	316.038	210.03	113.6524	46.6964	20.0246
58.3	28.62405	82.1071	158.849825	267.97385	360.15055	408.9945	391.22615	315.6555	209.4535	113.0589	46.1449	19.66185
58.4	28.2112	81.5024	158.2628	267.5104	359.9072	408.928	391.0896	315.272	208.876	112.4656	45.5936	19.3024
58.5	27.80125	80.8975	157.675625	267.04625	359.66375	408.8625	390.95375	314.8875	208.2975	111.8725	45.0425	18.94625
58.6	27.3942	80.2924	157.0883	266.5814	359.4202	408.798	390.8186	314.502	207.718	111.2796	44.4916	18.5934
58.7	26.99005	79.6871	156.500825	266.11585	359.17655	408.7345	390.68415	314.1155	207.1375	110.6869	43.9409	18.24385
58.8	26.5888	79.0816	155.9132	265.6496	358.9328	408.672	390.5504	313.728	206.556	110.0944	43.3904	17.8976
58.9	26.19045	78.4759	155.325425	265.18265	358.68895	408.6105	390.41735	313.3395	205.9735	109.5021	42.8401	17.55465
59	25.795	77.87	154.7375	264.715	358.445	408.55	390.285	312.95	205.39	108.91	42.29	17.215
59.1	25.40245	77.2639	154.149425	264.24665	358.20095	408.4905	390.15335	312.5595	204.8055	108.3181	41.7401	16.87865
59.2	25.0128	76.6576	153.5612	263.7776	357.9568	408.432	390.0224	312.168	204.22	107.7264	41.1904	16.5456
59.3	24.62605	76.0511	152.972825	263.30785	357.71255	408.3745	389.89215	311.7755	203.6335	107.1349	40.6409	16.21585
59.4	24.2422	75.4444	152.3843	262.8374	357.4682	408.318	389.7626	311.382	203.046	106.5436	40.0916	15.8894
59.5	23.86125	74.8375	151.795625	262.36625	357.22375	408.2625	389.63375	310.9875	202.4575	105.9525	39.5425	15.56625
59.6	23.4832	74.2304	151.2068	261.8944	356.9792	408.208	389.5056	310.592	201.868	105.3616	38.9936	15.2464
59.7	23.10805	73.6231	150.617825	261.42185	356.73455	408.1545	389.37815	310.1955	201.2775	104.7709	38.4449	14.92985
59.8	22.7358	73.0156	150.0287	260.9486	356.4898	408.102	389.2514	309.798	200.686	104.1804	37.8964	14.6166
59.9	22.36645	72.4079	149.439425	260.47465	356.24495	408.0505	389.12535	309.3995	200.0935	103.5901	37.3481	14.30665
60	22	72	148.85	260	356	408	389	309	201	103	37	14
60.1	21.63645	71.3216	148.260425	259.52465	355.75495	407.9505	388.87535	308.50595	200.4199	102.4101	36.48665	13.69665
60.2	21.2758	70.6464	147.6707	259.0486	355.5098	407.902	388.7514	308.0138	199.8396	101.8204	35.9766	13.3966
60.3	20.91805	69.9744	147.080825	258.57185	355.26455	407.8545	388.62815	307.52355	199.2591	101.2309	35.46985	13.09985
60.4	20.5632	69.3056	146.4908	258.0944	355.0192	407.808	388.5056	307.0352	198.6784	100.6416	34.9664	12.8064
60.5	20.21125	68.64	145.900625	257.61625	354.77375	407.7625	388.38375	306.54875	198.0975	100.0525	34.46625	12.51625
60.6	19.8622	67.9776	145.3103	257.1374	354.5282	407.718	388.2626	306.0642	197.5164	99.4636	33.9694	12.2294
60.7	19.51605	67.3184	144.719825	256.65785	354.28255	407.6745	388.14215	305.58155	196.9351	98.8749	33.47585	11.94585
60.8	19.1728	66.6624	144.1292	256.1776	354.0368	407.632	388.0224	305.1008	196.3536	98.2864	32.9856	11.6656
60.9	18.83245	66.0096	143.538425	255.69665	353.79095	407.5905	387.90335	304.62195	195.7719	97.6981	32.49865	11.38865
61	18.495	65.36	142.9475	255.215	353.545	407.55	387.785	304.145	195.19	97.11	32.015	11.115
61.1	18.16045	64.7136	142.356425	254.73265	353.29895	407.5105	387.66735	303.66995	194.6079	96.5221	31.53465	10.84465
61.2	17.8288	64.0704	141.7652	254.2496	353.0528	407.472	387.5504	303.1968	194.0256	95.9344	31.0576	10.5776
61.3	17.50005	63.4304	141.173825	253.76585	352.80655	407.4345	387.43415	302.72555	193.4431	95.3469	30.58385	10.31385
61.4	17.1742	62.7936	140.5823	253.2814	352.5602	407.398	387.3186	302.2562	192.8604	94.7596	30.1134	10.0534
61.5	16.85125	62.16	139.990625	252.79625	352.31375	407.3625	387.20375	301.78875	192.2775	94.1725	29.64625	9.79625
61.6	16.5312	61.5296	139.3988	252.3104	352.0672	407.328	387.0896	301.3232	191.6944	93.5856	29.1824	9.5424
61.7	16.21405	60.9024	138.806825	251.82385	351.82055	407.2945	386.97615	300.85955	191.1111	92.9989	28.72185	9.29185
61.8	15.8998	60.2784	138.2147	251.3366	351.5738	407.262	386.8634	300.3978	190.5276	92.4124	28.2646	9.0446
61.9	15.58845	59.6576	137.622425	250.84865	351.32695	407.2305	386.75135	299.93795	189.9439	91.8261	27.81065	8.80065
62	15.28	59.04	137.03	250.36	351.08	407.2	386.64	299.48	189.36	91.24	27.36	8.56
62.1	14.97445	58.4256	136.437425	249.87065	350.83295	407.1705	386.52935	299.02395	188.7759	90.6541	26.91265	8.32265
62.2	14.6718	57.8144	135.8447	249.3806	350.5858	407.142	386.4194	298.5698	188.1916	90.0684	26.4686	8.0886
62.3	14.37205	57.2064	135.251825	248.88985	350.33855	407.1145	386.31015	298.11755	187.6071	89.4829	26.02785	7.85785
62.4	14.0752	56.6016	134.6588	248.3984	350.0912	407.088	386.2016	297.6672	187.0224	88.8976	25.5904	7.6304
62.5	13.78125	56	134.065625	247.90625	349.84375	407.0625	386.09375	297.21875	186.4375	88.3125	25.15625	7.40625
62.6	13.4902	55.4016	133.4723	247.4134	349.5962	407.038	385.9866	296.7722	185.8524	87.7276	24.7254	7.1854
62.7	13.20205	54.8064	132.878825	246.91985	349.34855	407.0145	385.88015	296.32755	185.2671	87.1429	24.29785	6.96785
62.8	12.9168	54.2144	132.2852	246.4256	349.1008	406.992	385.7744	295.8848	184.6816	86.5584	23.8736	6.7536
62.9	12.63445	53.6256	131.691425	245.93065	348.85295	406.9705	385.66935	295.44395	184.0959	85.9741	23.45265	6.54265
63	12.355	53.04	131.0975	245.435	348.605	406.95	385.565	295.005	183.51	85.39	23.035	6.335
63.1	12.07845	52.4576	130.503425	244.93865	348.35695	406.9305	385.46135	294.56795	182.9239	84.8061	22.62065	6.13065
63.2	11.8048	51.8784	129.9092	244.4416	348.1088	406.912	385.3584	294.1328	182.3376	84.2224	22.2096	5.9296
63.3	11.53405	51.3024	129.314825	243.94385	347.86055	406.8945	385.25615	293.69955	181.7511	83.6389	21.80185	5.73185
63.4	11.2662	50.7296	128.7203	243.4454	347.6122	406.878	385.1546	293.2682	181.1644	83.0556	21.3974	5.5374
63.5	11.00125	50.16	128.125625	242.94625	347.36375	406.8625	385.05375	292.83875	180.5775	82.4725	20.99625	5.34625
63.6	10.7392	49.5936	127.5308	242.4464	347.1152	406.848	384.9536	292.4112	179.9904	81.8896	20.5984	5.1584
63.7	10.48005	49.0304	126.935825	241.94585	346.86655	406.8345	384.85415	291.98555	179.4031	81.3069	20.20385	4.97385
63.8	10.2238	48.4704	126.3407	241.4446	346.6178	406.822	384.7554	291.5618	178.8156	80.7244	19.8126	4.7926
63.9	9.97045	47.9136	125.745425	240.94265	346.36895	406.8105	384.65735	291.13995	178.2279	80.1421	19.42465	4.61465
64	9.72	47.36	125.15	240.44	346.12	406.8	384.56	290.72	177.64	79.56	19.04	4.44
64.1	9.47245	46.8096	124.554425	239.93665	345.87095	406.7905	384.46335	290.30195	177.0519	78.9781	18.65865	4.26865
64.2	9.2278	46.2624	123.9587	239.4326	345.6218	406.782	384.3674	289.8858	176.4636	78.3964	18.2806	4.1006
64.3	8.98605	45.7184	123.362825	238.92785	345.37255	406.7745	384.27215	289.47155	175.8751	77.8149	17.90585	3.93585
64.4	8.7472	45.1776	122.7668	238.4224	345.1232	406.768	384.1776	289.0592	175.2864	77.2336	17.5344	3.7744
64.5	8.51125	44.64	122.170625	237.91625	344.87375	406.7625	384.08375	288.64875	174.6975	76.6525	17.16625	3.61625
64.6	8.2782	44.1056	121.5743	237.4094	344.6242	406.758	383.9906	288.2402	174.1084	76.0716	16.8014	3.4614
64.7	8.04805	43.5744	120.977825	236.90185	344.37455	406.7545	383.89815	287.83355	173.5191	75.4909	16.43985	3.30985
64.8	7.8208	43.0464	120.3812	236.3936	344.1248	406.752	383.8064	287.4288	172.9296	74.9104	16.0816	3.1616
64.9	7.59645	42.5216	119.784425	235.88465	343.87495	406.7505	383.71535	287.02595	172.3399	74.3301	15.72665	3.01665
65	7.375	42	119.1875	235.375	343.625	406.75	383.625	286.625	171.75	73.75	15.375	2.875
65.1	7.15645	41.4816	118.590425	234.86465	343.37495	406.7505	383.53535	286.22595	171.1599	73.1701	15.02665	2.73665
65.2	6.9408	40.9664	117.9932	234.3536	343.1248	406.752	383.4464	285.8288	170.5696	72.5904	14.6816	2.6016
65.3	6.72805	40.4544	117.395825	233.84185	342.87455	406.7545	383.35815	285.43355	169.9791	72.0109	14.33985	2.46985
65.4	6.5182	39.9456	116.7983	233.3294	342.6242	406.758	383.2706	285.0402	169.3884	71.4316	14.0014	2.3414
65.5	6.31125	39.44	116.200625	232.81625	342.37375	406.7625	383.18375	284.64875	168.7975	70.8525	13.66625	2.21625
65.6	6.1072	38.9376	115.6028	232.3024	342.1232	406.768	383.0976	284.2592	168.2064	70.2736	13.3344	2.0944
65.7	5.90605	38.4384	115.004825	231.78785	341.87255	406.7745	383.01215	283.87155	167.6151	69.6949	13.00585	1.97585
65.8	5.7078	37.9424	114.4067	231.2726	341.6218	406.782	382.9274	283.4858	167.0236	69.1164	12.6806	1.8606
65.9	5.51245	37.4496	113.808425	230.75665	341.37095	406.7905	382.84335	283.10195	166.4319	68.5381	12.35865	1.74865
66	5.32	36.96	113.21	230.24	341.12	406.8	382.76	282.72	165.84	67.96	12.04	1.64
66.1	5.13045	36.4736	112.611425	229.72265	340.86895	406.8105	382.67735	282.33995	165.2479	67.3821	11.72465	1.53465
66.2	4.9438	35.9904	112.0127	229.2046	340.6178	406.822	382.5954	281.9618	164.6556	66.8044	11.4126	1.4326
66.3	4.76005	35.5104	111.413825	228.68585	340.36655	406.8345	382.51415	281.58555	164.0631	66.2269	11.10385	1.33385
66.4	4.5792	35.0336	110.8148	228.1664	340.1152	406.848	382.4336	281.2112	163.4704	65.6496	10.7984	1.2384
66.5	4.40125	34.56	110.215625	227.64625	339.86375	406.8625	382.35375	280.83875	162.8775	65.0725	10.49625	1.14625
66.6	4.2262	34.0896	109.6163	227.1254	339.6122	406.878	382.2746	280.4682	162.2844	64.4956	10.1974	1.0574
66.7	4.05405	33.6224	109.016825	226.60385	339.36055	406.8945	382.19615	280.09955	161.6911	63.9189	9.90185	0.97185
66.8	3.8848	33.1584	108.4172	226.0816	339.1088	406.912	382.1184	279.7328	161.0976	63.3424	9.6096	0.8896
66.9	3.71845	32.6976	107.817425	225.55865	338.85695	406.9305	382.04135	279.36795	160.5039	62.7661	9.32065	0.81065
67	3.555	32.24	107.2175	225.035	338.605	406.95	381.965	279.005	159.91	62.19	9.035	0.735
67.1	3.39445	31.7856	106.617425	224.51065	338.35295	406.9705	381.88935	278.64395	159.3159	61.6141	8.75265	0.66265
67.2	3.2368	31.3344	106.0172	223.9856	338.1008	406.992	381.8144	278.2848	158.7216	61.0384	8.4736	0.5936
67.3	3.08205	30.8864	105.416825	223.45985	337.84855	407.0145	381.74015	277.92755	158.1271	60.4629	8.19785	0.52785
67.4	2.9302	30.4416	104.8163	222.9334	337.5962	407.038	381.6666	277.5722	157.5324	59.8876	7.9254	0.4654
67.5	2.78125	30	104.215625	222.40625	337.34375	407.0625	381.59375	277.21875	156.9375	59.3125	7.65625	0.40625
67.6	2.6352	29.5616	103.6148	221.8784	337.0912	407.088	381.5216	276.8672	156.3424	58.7376	7.3904	0.3504
67.7	2.49205	29.1264	103.013825	221.34985	336.83855	407.1145	381.45015	276.51755	155.7471	58.1629	7.12785	0.29785
67.8	2.3518	28.6944	102.4127	220.8206	336.5858	407.142	381.3794	276.1698	155.1516	57.5884	6.8686	0.2486
67.9	2.21445	28.2656	101.811425	220.29065	336.33295	407.1705	381.30935	275.82395	154.5559	57.0141	6.61265	0.20265
68	2.08	27.84	101.21	219.76	336.08	407.2	381.24	275.48	153.96	56.44	6.36	0.16
68.1	1.94845	27.4176	100.608425	219.22865	335.82695	407.2305	381.17135	275.13795	153.3639	55.8661	6.11065	0.12065
68.2	1.8198	26.9984	100.0067	218.6966	335.5738	407.262	381.1034	274.7978	152.7676	55.2924	5.8646	0.0846
68.3	1.69405	26.5824	99.404825	218.16385	335.32055	407.2945	381.03615	274.45955	152.1711	54.7189	5.62185	0.05185
68.4	1.5712	26.1696	98.8028	217.6304	335.0672	407.328	380.9696	274.1232	151.5744	54.1456	5.3824	0.0224
68.5	1.45125	25.76	98.200625	217.09625	334.81375	407.3625	380.90375	273.78875	150.9775	53.5725	5.14625	0
68.6	1.3342	25.3536	97.5983	216.5614	334.5602	407.398	380.8386	273.4562	150.3804	52.9996	4.9134	0
68.7	1.22005	24.9504	96.995825	216.02585	334.30655	407.4345	380.77415	273.12555	149.7831	52.4269	4.68385	0
68.8	1.1088	24.5504	96.3932	215.4896	334.0528	407.472	380.7104	272.7968	149.1856	51.8544	4.4576	0
68.9	1.00045	24.1536	95.790425	214.95265	333.79895	407.5105	380.64735	272.46995	148.5879	51.2821	4.23465	0
69	0.895	23.76	95.1875	214.415	333.545	407.55	380.585	272.145	147.99	50.71	4.015	0
69.1	0.79245	23.3696	94.584425	213.87665	333.29095	407.5905	380.52335	271.82195	147.3919	50.1381	3.79865	0
69.2	0.6928	22.9824	93.9812	213.3376	333.0368	407.632	380.4624	271.5008	146.7936	49.5664	3.5856	0
69.3	0.59605	22.5984	93.377825	212.79785	332.78255	407.6745	380.40215	271.18155	146.1951	48.9949	3.37585	0
69.4	0.5022	22.2176	92.7743	212.2574	332.5282	407.718	380.3426	270.8642	145.5964	48.4236	3.1694	0
69.5	0.41125	21.84	92.170625	211.71625	332.27375	407.7625	380.28375	270.54875	144.9975	47.8525	2.96625	0
69.6	0.3232	21.4656	91.5668	211.1744	332.0192	407.808	380.2256	270.2352	144.3984	47.2816	2.7664	0
69.7	0.23805	21.0944	90.962825	210.63185	331.76455	407.8545	380.16815	269.92355	143.7991	46.7109	2.56985	0
69.8	0.1558	20.7264	90.3587	210.0886	331.5098	407.902	380.1114	269.6138	143.1996	46.1404	2.3766	0
69.9	0.07645	20.3616	89.754425	209.54465	331.25495	407.9505	380.05535	269.30595	142.5999	45.5701	2.18665	0
70	0	20	89.15	209	331	408	380	269	142	45	2	0
70.1	0	19.6416	88.545425	208.33695	331.0201	408.2194	380.17455	268.69595	141.3999	44.38695	1.81665	0
70.2	0	19.2864	87.9407	207.6778	331.0404	408.4376	380.3482	268.3938	140.7996	43.7778	1.6366	0
70.3	0	18.9344	87.335825	207.02255	331.0609	408.6546	380.52095	268.09355	140.1991	43.17255	1.45985	0
70.4	0	18.5856	86.7308	206.3712	331.0816	408.8704	380.6928	267.7952	139.5984	42.5712	1.2864	0
70.5	0	18.24	86.125625	205.72375	331.1025	409.085	380.86375	267.49875	138.9975	41.97375	1.11625	0
70.6	0	17.8976	85.5203	205.0802	331.1236	409.2984	381.0338	267.2042	138.3964	41.3802	0.9494	0
70.7	0	17.5584	84.914825	204.44055	331.1449	409.5106	381.20295	266.91155	137.7951	40.79055	0.78585	0
70.8	0	17.2224	84.3092	203.8048	331.1664	409.7216	381.3712	266.6208	137.1936	40.2048	0.6256	0
70.9	0	16.8896	83.703425	203.17295	331.1881	409.9314	381.53855	266.33195	136.5919	39.62295	0.46865	0
71	0	16.56	83.0975	202.545	331.21	410.14	381.705	266.045	135.99	39.045	0.315	0
71.1	0	16.2336	82.491425	201.92095	331.2321	410.3474	381.87055	265.75995	135.3879	38.47095	0.16465	0
71.2	0	15.9104	81.8852	201.3008	331.2544	410.5536	382.0352	265.4768	134.7856	37.9008	0.0176	0
71.3	0	15.5904	81.278825	200.68455	331.2769	410.7586	382.19895	265.19555	134.1831	37.33455	0	0
71.4	0	15.2736	80.6723	200.0722	331.2996	410.9624	382.3618	264.9162	133.5804	36.7722	0	0
71.5	0	14.96	80.065625	199.46375	331.3225	411.165	382.52375	264.63875	132.9775	36.21375	0	0
71.6	0	14.6496	79.4588	198.8592	331.3456	411.3664	382.6848	264.3632	132.3744	35.6592	0	0
71.7	0	14.3424	78.851825	198.25855	331.3689	411.5666	382.84495	264.08955	131.7711	35.10855	0	0
71.8	0	14.0384	78.2447	197.6618	331.3924	411.7656	383.0042	263.8178	131.1676	34.5618	0	0
71.9	0	13.7376	77.637425	197.06895	331.4161	411.9634	383.16255	263.54795	130.5639	34.01895	0	0
72	0	13.44	77.03	196.48	331.44	412.16	383.32	263.28	129.96	33.48	0	0
72.1	0	13.1456	76.422425	195.89495	331.4641	412.3554	383.47655	263.01395	129.3559	32.94495	0	0
72.2	0	12.8544	75.8147	195.3138	331.4884	412.5496	383.6322	262.7498	128.7516	32.4138	0	0
72.3	0	12.5664	75.206825	194.73655	331.5129	412.7426	383.78695	262.48755	128.1471	31.88655	0	0
72.4	0	12.2816	74.5988	194.1632	331.5376	412.9344	383.9408	262.2272	127.5424	31.3632	0	0
72.5	0	12	73.990625	193.59375	331.5625	413.125	384.09375	261.96875	126.9375	30.84375	0	0
72.6	0	11.7216	73.3823	193.0282	331.5876	413.3144	384.2458	261.7122	126.3324	30.3282	0	0
72.7	0	11.4464	72.773825	192.46655	331.6129	413.5026	384.39695	261.45755	125.7271	29.81655	0	0
72.8	0	11.1744	72.1652	191.9088	331.6384	413.6896	384.5472	261.2048	125.1216	29.3088	0	0
72.9	0	10.9056	71.556425	191.35495	331.6641	413.8754	384.69655	260.95395	124.5159	28.80495	0	0
73	0	10.64	70.9475	190.805	331.69	414.06	384.845	260.705	123.91	28.305	0	0
73.1	0	10.3776	70.338425	190.25895	331.7161	414.2434	384.99255	260.45795	123.3039	27.80895	0	0
73.2	0	10.1184	69.7292	189.7168	331.7424	414.4256	385.1392	260.2128	122.6976	27.3168	0	0
73.3	0	9.8624	69.119825	189.17855	331.7689	414.6066	385.28495	259.96955	122.0911	26.82855	0	0
73.4	0	9.6096	68.5103	188.6442	331.7956	414.7864	385.4298	259.7282	121.4844	26.3442	0	0
73.5	0	9.36	67.900625	188.11375	331.8225	414.965	385.57375	259.48875	120.8775	25.86375	0	0
73.6	0	9.1136	67.2908	187.5872	331.8496	415.1424	385.7168	259.2512	120.2704	25.3872	0	0
73.7	0	8.8704	66.680825	187.06455	331.8769	415.3186	385.85895	259.01555	119.6631	24.91455	0	0
73.8	0	8.6304	66.0707	186.5458	331.9044	415.4936	386.0002	258.7818	119.0556	24.4458	0	0
73.9	0	8.3936	65.460425	186.03095	331.9321	415.6674	386.14055	258.54995	118.4479	23.98095	0	0
74	0	8.16	64.85	185.52	331.96	415.84	386.28	258.32	117.84	23.52	0	0
74.1	0	7.9296	64.239425	185.01295	331.9881	416.0114	386.41855	258.09195	117.2319	23.06295	0	0
74.2	0	7.7024	63.6287	184.5098	332.0164	416.1816	386.5562	257.8658	116.6236	22.6098	0	0
74.3	0	7.4784	63.017825	184.01055	332.0449	416.3506	386.69295	257.64155	116.0151	22.16055	0	0
74.4	0	7.2576	62.4068	183.5152	332.0736	416.5184	386.8288	257.4192	115.4064	21.7152	0	0
74.5	0	7.04	61.795625	183.02375	332.1025	416.685	386.96375	257.19875	114.7975	21.27375	0	0
74.6	0	6.8256	61.1843	182.5362	332.1316	416.8504	387.0978	256.9802	114.1884	20.8362	0	0
74.7	0	6.6144	60.572825	182.05255	332.1609	417.0146	387.23095	256.76355	113.5791	20.40255	0	0
74.8	0	6.4064	59.9612	181.5728	332.1904	417.1776	387.3632	256.5488	112.9696	19.9728	0	0
74.9	0	6.2016	59.349425	181.09695	332.2201	417.3394	387.49455	256.33595	112.3599	19.54695	0	0
75	0	6	58.7375	180.625	332.25	417.5	387.625	256.125	111.75	19.125	0	0
75.1	0	5.8016	58.125425	180.15695	332.2801	417.6594	387.75455	255.91595	111.1399	18.70695	0	0
75.2	0	5.6064	57.5132	179.6928	332.3104	417.8176	387.8832	255.7088	110.5296	18.2928	0	0
75.3	0	5.4144	56.900825	179.23255	332.3409	417.9746	388.01095	255.50355	109.9191	17.88255	0	0
75.4	0	5.2256	56.2883	178.7762	332.3716	418.1304	388.1378	255.3002	109.3084	17.4762	0	0
75.5	0	5.04	55.675625	178.32375	332.4025	418.285	388.26375	255.09875	108.6975	17.07375	0	0
75.6	0	4.8576	55.0628	177.8752	332.4336	418.4384	388.3888	254.8992	108.0864	16.6752	0	0
75.7	0	4.6784	54.449825	177.43055	332.4649	418.5906	388.51295	254.70155	107.4751	16.28055	0	0
75.8	0	4.5024	53.8367	176.9898	332.4964	418.7416	388.6362	254.5058	106.8636	15.8898	0	0
75.9	0	4.3296	53.223425	176.55295	332.5281	418.8914	388.75855	254.31195	106.2519	15.50295	0	0
76	0	4.16	52.61	176.12	332.56	419.04	388.88	254.12	105.64	15.12	0	0
76.1	0	3.9936	51.996425	175.69095	332.5921	419.1874	389.00055	253.92995	105.0279	14.74095	0	0
76.2	0	3.8304	51.3827	175.2658	332.6244	419.3336	389.1202	253.7418	104.4156	14.3658	0	0
76.3	0	3.6704	50.768825	174.84455	332.6569	419.4786	389.23895	253.55555	103.8031	13.99455	0	0
76.4	0	3.5136	50.1548	174.4272	332.6896	419.6224	389.3568	253.3712	103.1904	13.6272	0	0
76.5	0	3.36	49.540625	174.01375	332.7225	419.765	389.47375	253.18875	102.5775	13.26375	0	0
76.6	0	3.2096	48.9263	173.6042	332.7556	419.9064	389.5898	253.0082	101.9644	12.9042	0	0
76.7	0	3.0624	48.311825	173.19855	332.7889	420.0466	389.70495	252.82955	101.3511	12.54855	0	0
76.8	0	2.9184	47.6972	172.7968	332.8224	420.1856	389.8192	252.6528	100.7376	12.1968	0	0
76.9	0	2.7776	47.082425	172.39895	332.8561	420.3234	389.93255	252.47795	100.1239	11.84895	0	0
77	0	2.64	46.4675	172.005	332.89	420.46	390.045	252.305	99.51	11.505	0	0
77.1	0	2.5056	45.852425	171.61495	332.9241	420.5954	390.15655	252.13395	98.8959	11.16495	0	0
77.2	0	2.3744	45.2372	171.2288	332.9584	420.7296	390.2672	251.9648	98.2816	10.8288	0	0
77.3	0	2.2464	44.621825	170.84655	332.9929	420.8626	390.37695	251.79755	97.6671	10.49655	0	0
77.4	0	2.1216	44.0063	170.4682	333.0276	420.9944	390.4858	251.6322	97.0524	10.1682	0	0
77.5	0	2	43.390625	170.09375	333.0625	421.125	390.59375	251.46875	96.4375	9.84375	0	0
77.6	0	1.8816	42.7748	169.7232	333.0976	421.2544	390.7008	251.3072	95.8224	9.5232	0	0
77.7	0	1.7664	42.158825	169.35655	333.1329	421.3826	390.80695	251.14755	95.2071	9.20655	0	0
77.8	0	1.6544	41.5427	168.9938	333.1684	421.5096	390.9122	250.9898	94.5916	8.8938	0	0
77.9	0	1.5456	40.926425	168.63495	333.2041	421.6354	391.01655	250.83395	93.9759	8.58495	0	0
78	0	1.44	40.31	168.28	333.24	421.76	391.12	250.68	93.36	8.28	0	0
78.1	0	1.3376	39.693425	167.92895	333.2761	421.8834	391.22255	250.52795	92.7439	7.97895	0	0
78.2	0	1.2384	39.0767	167.5818	333.3124	422.0056	391.3242	250.3778	92.1276	7.6818	0	0
78.3	0	1.1424	38.459825	167.23855	333.3489	422.1266	391.42495	250.22955	91.5111	7.38855	0	0
78.4	0	1.0496	37.8428	166.8992	333.3856	422.2464	391.5248	250.0832	90.8944	7.0992	0	0
78.5	0	0.96	37.225625	166.56375	333.4225	422.365	391.62375	249.93875	90.2775	6.81375	0	0
78.6	0	0.8736	36.6083	166.2322	333.4596	422.4824	391.7218	249.7962	89.6604	6.5322	0	0
78.7	0	0.7904	35.990825	165.90455	333.4969	422.5986	391.81895	249.65555	89.0431	6.25455	0	0
78.8	0	0.7104	35.3732	165.5808	333.5344	422.7136	391.9152	249.5168	88.4256	5.9808	0	0
78.9	0	0.6336	34.755425	165.26095	333.5721	422.8274	392.01055	249.37995	87.8079	5.71095	0	0
79	0	0.56	34.1375	164.945	333.61	422.94	392.105	249.245	87.19	5.445	0	0
79.1	0	0.4896	33.519425	164.63295	333.6481	423.0514	392.19855	249.11195	86.5719	5.18295	0	0
79.2	0	0.4224	32.9012	164.3248	333.6864	423.1616	392.2912	248.9808	85.9536	4.9248	0	0
79.3	0	0.3584	32.282825	164.02055	333.7249	423.2706	392.38295	248.85155	85.3351	4.67055	0	0
79.4	0	0.2976	31.6643	163.7202	333.7636	423.3784	392.4738	248.7242	84.7164	4.4202	0	0
79.5	0	0.24	31.045625	163.42375	333.8025	423.485	392.56375	248.59875	84.0975	4.17375	0	0
79.6	0	0.1856	30.4268	163.1312	333.8416	423.5904	392.6528	248.4752	83.4784	3.9312	0	0
79.7	0	0.1344	29.807825	162.84255	333.8809	423.6946	392.74095	248.35355	82.8591	3.69255	0	0
79.8	0	0.0864	29.1887	162.5578	333.9204	423.7976	392.8282	248.2338	82.2396	3.4578	0	0
79.9	0	0.0416	28.569425	162.27695	333.9601	423.8994	392.91455	248.11595	81.6199	3.22695	0	0
80	0	0	27.95	162	334	424	393	248	81	3	0	0
80.1	0	0	0	161.72695	334.0401	424.0994	393.08455	248.04	80.59	2.77695	0	0
80.2	0	0	0	161.4578	334.0804	424.1976	393.1682	248.08	80.18	2.5578	0	0
80.3	0	0	0	161.19255	334.1209	424.2946	393.25095	248.12	79.77	2.34255	0	0
80.4	0	0	0	160.9312	334.1616	424.3904	393.3328	248.16	79.36	2.1312	0	0
80.5	0	0	0	160.67375	334.2025	424.485	393.41375	248.2	78.95	1.92375	0	0
80.6	0	0	0	160.4202	334.2436	424.5784	393.4938	248.24	78.54	1.7202	0	0
80.7	0	0	0	160.17055	334.2849	424.6706	393.57295	248.28	78.13	1.52055	0	0
80.8	0	0	0	159.9248	334.3264	424.7616	393.6512	248.32	77.72	1.3248	0	0
80.9	0	0	0	159.68295	334.3681	424.8514	393.72855	248.36	77.31	1.13295	0	0
81	0	0	0	159.445	334.41	424.94	393.805	248.4	76.9	0.945	0	0
81.1	0	0	0	159.21095	334.4521	425.0274	393.88055	248.44	76.49	0.76095	0	0
81.2	0	0	0	158.9808	334.4944	425.1136	393.9552	248.48	76.08	0.5808	0	0
81.3	0	0	0	158.75455	334.5369	425.1986	394.02895	248.52	75.67	0.40455	0	0
81.4	0	0	0	158.5322	334.5796	425.2824	394.1018	248.56	75.26	0.2322	0	0
81.5	0	0	0	158.31375	334.6225	425.365	394.17375	248.6	74.85	0.06375	0	0
81.6	0	0	0	158.0992	334.6656	425.4464	394.2448	248.64	74.44	0	0	0
81.7	0	0	0	157.88855	334.7089	425.5266	394.31495	248.68	74.03	0	0	0
81.8	0	0	0	157.6818	334.7524	425.6056	394.3842	248.72	73.62	0	0	0
81.9	0	0	0	157.47895	334.7961	425.6834	394.45255	248.76	73.21	0	0	0
82	0	0	0	157.28	334.84	425.76	394.52	248.8	72.8	0	0	0
82.1	0	0	0	157.08495	334.8841	425.8354	394.58655	248.84	72.39	0	0	0
82.2	0	0	0	156.8938	334.9284	425.9096	394.6522	248.88	71.98	0	0	0
82.3	0	0	0	156.70655	334.9729	425.9826	394.71695	248.92	71.57	0	0	0
82.4	0	0	0	156.5232	335.0176	426.0544	394.7808	248.96	71.16	0	0	0
82.5	0	0	0	156.34375	335.0625	426.125	394.84375	249	70.75	0	0	0
82.6	0	0	0	156.1682	335.1076	426.1944	394.9058	249.04	70.34	0	0	0
82.7	0	0	0	155.99655	335.1529	426.2626	394.96695	249.08	69.93	0	0	0
82.8	0	0	0	155.8288	335.1984	426.3296	395.0272	249.12	69.52	0	0	0
82.9	0	0	0	155.66495	335.2441	426.3954	395.08655	249.16	69.11	0	0	0
83	0	0	0	155.505	335.29	426.46	395.145	249.2	68.7	0	0	0
83.1	0	0	0	155.34895	335.3361	426.5234	395.20255	249.24	68.29	0	0	0
83.2	0	0	0	155.1968	335.3824	426.5856	395.2592	249.28	67.88	0	0	0
83.3	0	0	0	155.04855	335.4289	426.6466	395.31495	249.32	67.47	0	0	0
83.4	0	0	0	154.9042	335.4756	426.7064	395.3698	249.36	67.06	0	0	0
83.5	0	0	0	154.76375	335.5225	426.765	395.42375	249.4	66.65	0	0	0
83.6	0	0	0	154.6272	335.5696	426.8224	395.4768	249.44	66.24	0	0	0
83.7	0	0	0	154.49455	335.6169	426.8786	395.52895	249.48	65.83	0	0	0
83.8	0	0	0	154.3658	335.6644	426.9336	395.5802	249.52	65.42	0	0	0
83.9	0	0	0	154.24095	335.7121	426.9874	395.63055	249.56	65.01	0	0	0
84	0	0	0	154.12	335.76	427.04	395.68	249.6	64.6	0	0	0
84.1	0	0	0	154.00295	335.8081	427.0914	395.72855	249.64	64.19	0	0	0
84.2	0	0	0	153.8898	335.8564	427.1416	395.7762	249.68	63.78	0	0	0
84.3	0	0	0	153.78055	335.9049	427.1906	395.82295	249.72	63.37	0	0	0
84.4	0	0	0	153.6752	335.9536	427.2384	395.8688	249.76	62.96	0	0	0
84.5	0	0	0	153.57375	336.0025	427.285	395.91375	249.8	62.55	0	0	0
84.6	0	0	0	153.4762	336.0516	427.3304	395.9578	249.84	62.14	0	0	0
84.7	0	0	0	153.38255	336.1009	427.3746	396.00095	249.88	61.73	0	0	0
84.8	0	0	0	153.2928	336.1504	427.4176	396.0432	249.92	61.32	0	0	0
84.9	0	0	0	153.20695	336.2001	427.4594	396.08455	249.96	60.91	0	0	0
85	0	0	0	153.125	336.25	427.5	396.125	250	60.5	0	0	0
85.1	0	0	0	153.04695	336.3001	427.5394	396.16455	250.04	60.09	0	0	0
85.2	0	0	0	152.9728	336.3504	427.5776	396.2032	250.08	59.68	0	0	0
85.3	0	0	0	152.90255	336.4009	427.6146	396.24095	250.12	59.27	0	0	0
85.4	0	0	0	152.8362	336.4516	427.6504	396.2778	250.16	58.86	0	0	0
85.5	0	0	0	152.77375	336.5025	427.685	396.31375	250.2	58.45	0	0	0
85.6	0	0	0	152.7152	336.5536	427.7184	396.3488	250.24	58.04	0	0	0
85.7	0	0	0	152.66055	336.6049	427.7506	396.38295	250.28	57.63	0	0	0
85.8	0	0	0	152.6098	336.6564	427.7816	396.4162	250.32	57.22	0	0	0
85.9	0	0	0	152.56295	336.7081	427.8114	396.44855	250.36	56.81	0	0	0
86	0	0	0	152.52	336.76	427.84	396.48	250.4	56.4	0	0	0
86.1	0	0	0	152.48095	336.8121	427.8674	396.51055	250.44	55.99	0	0	0
86.2	0	0	0	152.4458	336.8644	427.8936	396.5402	250.48	55.58	0	0	0
86.3	0	0	0	152.41455	336.9169	427.9186	396.56895	250.52	55.17	0	0	0
86.4	0	0	0	152.3872	336.9696	427.9424	396.5968	250.56	54.76	0	0	0
86.5	0	0	0	152.36375	337.0225	427.965	396.62375	250.6	54.35	0	0	0
86.6	0	0	0	152.3442	337.0756	427.9864	396.6498	250.64	53.94	0	0	0
86.7	0	0	0	152.32855	337.1289	428.0066	396.67495	250.68	53.53	0	0	0
86.8	0	0	0	152.3168	337.1824	428.0256	396.6992	250.72	53.12	0	0	0
86.9	0	0	0	152.30895	337.2361	428.0434	396.72255	250.76	52.71	0	0	0
87	0	0	0	152.305	337.29	428.06	396.745	250.8	52.3	0	0	0
87.1	0	0	0	152.30495	337.3441	428.0754	396.76655	250.84	51.89	0	0	0
87.2	0	0	0	152.3088	337.3984	428.0896	396.7872	250.88	51.48	0	0	0
87.3	0	0	0	152.31655	337.4529	428.1026	396.80695	250.92	51.07	0	0	0
87.4	0	0	0	152.3282	337.5076	428.1144	396.8258	250.96	50.66	0	0	0
87.5	0	0	0	152.34375	337.5625	428.125	396.84375	251	50.25	0	0	0
87.6	0	0	0	152.3632	337.6176	428.1344	396.8608	251.04	49.84	0	0	0
87.7	0	0	0	152.38655	337.6729	428.1426	396.87695	251.08	49.43	0	0	0
87.8	0	0	0	152.4138	337.7284	428.1496	396.8922	251.12	49.02	0	0	0
87.9	0	0	0	152.44495	337.7841	428.1554	396.90655	251.16	48.61	0	0	0
88	0	0	0	152.48	337.84	428.16	396.92	251.2	48.2	0	0	0
88.1	0	0	0	152.51895	337.8961	428.1634	396.93255	251.24	47.79	0	0	0
88.2	0	0	0	152.5618	337.9524	428.1656	396.9442	251.28	47.38	0	0	0
88.3	0	0	0	152.60855	338.0089	428.1666	396.95495	251.32	46.97	0	0	0
88.4	0	0	0	152.6592	338.0656	428.1664	396.9648	251.36	46.56	0	0	0
88.5	0	0	0	152.71375	338.1225	428.165	396.97375	251.4	46.15	0	0	0
88.6	0	0	0	152.7722	338.1796	428.1624	396.9818	251.44	45.74	0	0	0
88.7	0	0	0	152.83455	338.2369	428.1586	396.98895	251.48	45.33	0	0	0
88.8	0	0	0	152.9008	338.2944	428.1536	396.9952	251.52	44.92	0	0	0
88.9	0	0	0	152.97095	338.3521	428.1474	397.00055	251.56	44.51	0	0	0
89	0	0	0	153.045	338.41	428.14	397.005	251.6	44.1	0	0	0
89.1	0	0	0	153.12295	338.4681	428.1314	397.00855	251.64	43.69	0	0	0
89.2	0	0	0	153.2048	338.5264	428.1216	397.0112	251.68	43.28	0	0	0
89.3	0	0	0	153.29055	338.5849	428.1106	397.01295	251.72	42.87	0	0	0
89.4	0	0	0	153.3802	338.6436	428.0984	397.0138	251.76	42.46	0	0	0
89.5	0	0	0	153.47375	338.7025	428.085	397.01375	251.8	42.05	0	0	0
89.6	0	0	0	153.5712	338.7616	428.0704	397.0128	251.84	41.64	0	0	0
89.7	0	0	0	153.67255	338.8209	428.0546	397.01095	251.88	41.23	0	0	0
89.8	0	0	0	153.7778	338.8804	428.0376	397.0082	251.92	40.82	0	0	0
89.9	0	0	0	153.88695	338.9401	428.0194	397.00455	251.96	40.41	0	0	0
90	0	0	0	154	339	428	397	252	40	0	0	0
